0,6.95,2.08
0,10.9,3.1
0,1.9,5.31
0,18.4,1.62
0,12.3,2.78
0,8.7,3.83
0,5.85,5.52
0,9.05,3.25
0,17.55,1.84
0,9.3,2.4
0,12.1,1.53
0,15.05,3.57
0,5.1,4.51
0,18.85,0.23
0,-0.2,5.11
0,7.15,4.04
0,15.75,2.68
0,19.1,2.11
0,18.4,0.63
0,9.85,2.89
0,-1.35,5.03
0,2.55,5.4
0,4.3,4.36
0,11.55,1.97
0,-5.35,5.41
0,2.85,4.66
0,13.6,3.86
0,14.2,1.78
0,12.7,1.71
0,9.85,2.98
0,10,2.73
0,17.75,0.17
0,13.05,3.28
0,15.15,2.66
0,10.3,3.53
0,14,2.14
0,7.35,3.18
0,-0.45,4.47
0,10.85,3.13
0,20.2,1.07
0,14.4,2.97
0,16.65,1.09
0,11.5,2.96
0,2.9,3.51
0,17.65,1.66
0,12.75,2.63
0,5.5,3.24
0,13.15,1.69
0,15.5,2.6
0,4.2,3.7
0,1.6,2.48
0,16.95,1.44
0,12.3,2.83
0,10.15,2.12
0,3.3,3.75
0,1.6,3.45
0,20.4,1.38
0,1.4,4.34
0,2,3.13
0,8.15,4.1
0,10.9,3.41
0,1.75,3.93
0,8.15,2.27
0,0.65,5.28
0,10.1,2.44
0,15.7,2.28
0,3,5.26
0,12.05,3.93
0,18.05,1.13
0,0.85,4.4
0,7.65,2.66
0,13.5,3.7
0,6.15,2.9
0,8.25,3.84
0,3.95,2.95
0,9.15,3.08
0,13.45,1.95
0,8.95,2.8
0,9.45,4.39
0,5.7,2.54
0,13.3,1.7
0,10.25,2.43
0,13.8,2.86
0,8.55,1.49
0,10.95,4.2
0,17.2,0.51
0,9.45,2.51
0,2.75,3.11
0,12.05,2.31
0,10.4,2.62
0,6.7,3.84
0,15.15,3.97
0,0.4,3.67
0,17.35,1.5
0,0.25,4.83
0,21,1.84
0,23.85,1.21
0,23.2,0.6
0,1.95,4.11
0,18.4,0.71
0,14.5,1.77
0,13.9,1.44
0,10.6,1.2
0,6.5,3.95
0,7.75,4.41
0,5.55,1.74
0,1.3,5.29
0,9.2,3.45
0,16.7,0.13
0,5.45,3.13
0,2.8,4
0,20.75,1.25
0,18.7,1.02
0,10.05,2.33
0,14.15,2.12
0,13.4,3.02
0,9.45,3.84
0,26.35,0.83
0,9.9,3.79
0,10.4,2
0,13.45,2.45
0,8.05,4.4
0,23.2,0.45
0,10.75,2.2
0,14.8,0.22
0,17,2.07
0,11.85,3.73
0,8.05,3.2
0,1,3.03
0,5.05,4.03
0,6.15,2.48
0,17.6,1.18
0,9.9,3.01
0,8.25,3.62
0,8.15,1.89
0,2.75,4.37
0,1.1,4.13
0,3.35,3.07
0,2.8,3.81
0,11.25,2.7
0,17.5,1.59
0,-0.75,4.73
0,10.5,3.19
0,13.55,3.52
0,6.15,3.84
0,9.9,2.52
0,25.1,0.36
0,0.05,6.1
0,12.3,1.68
0,14.4,3.38
0,3.65,4.13
0,9,2.17
0,18.35,1.65
0,13.8,1.79
0,5.35,4.01
0,10.75,4.45
0,8.05,5.19
0,20.65,-0.36
0,-1.9,4.41
0,8.7,3.22
0,15.9,1.44
0,4.9,3.65
0,9.85,3.26
0,17.5,2.33
0,-2.4,5.57
0,15.75,2.62
0,19.25,1.8
0,5.25,3.63
0,-7.3,6.17
0,10.85,2.37
0,5.35,2.82
0,9.65,3.38
0,7.65,2.95
0,9.75,2.89
0,3.25,5.18
0,13.1,3.59
0,6.5,2.61
0,15.7,2.12
0,4.65,3.78
0,-4.2,6.19
0,3.05,3.53
0,19.45,0.71
0,7.1,3.04
0,21.45,1.24
0,2.35,3.27
0,22.25,2.68
0,21.55,0.08
0,8.5,3.07
0,12.15,2.17
0,3.1,3.73
0,17.65,3.79
0,11.6,2.51
0,14.95,1.79
0,23.15,1.83
0,1.3,3.82
0,19.5,1.81
0,12.8,1.11
0,11.6,3.32
0,5.5,2.87
0,8.7,2.32
0,9.5,3.32
0,19.7,1.6
0,6.15,5
0,15.85,2.26
0,14.75,1.81
0,16.05,2.26
0,14.4,1.4
0,20.85,1.63
0,-3.55,5.57
0,19,2.1
0,19.75,2.56
0,3.55,2.07
0,22.65,1.31
0,10.15,2.63
0,-0.85,4.92
0,0.3,3.84
0,8.5,3.88
0,12.65,1.43
0,20.5,1.35
0,23.25,-0.14
0,4.45,3.23
0,9.25,2.29
0,3.2,2.07
0,4.1,4.17
0,8.7,3.07
0,9.15,3.28
0,6.45,2.97
0,13.6,2.07
0,11.6,1.93
0,8.95,3.8
0,3.7,4.13
0,8.35,3.2
0,7.45,1.64
0,9,4.34
0,14.6,1.94
0,5.3,3.96
0,7.3,2.99
0,10.4,4
0,-7.8,6.35
0,2.85,4.94
0,-7.15,5.55
0,10.4,2.57
0,8.55,1.95
0,2.05,3.58
0,12.6,2.09
0,20.85,1.38
0,-3.15,4.72
0,5.4,3.83
0,8.45,3.01
0,4.8,3.78
0,-0.2,5.15
0,0.65,3.94
0,8.95,3.38
0,9.45,4.56
0,21.45,1.7
0,10.65,2.21
0,6.75,2.33
0,7.35,3.02
0,22.4,1.66
0,10.45,2.68
0,10.6,3.56
0,25.8,0.75
0,16.1,2.6
0,13.9,3.22
0,18.9,1.61
0,7.8,3.55
0,17.05,2.9
0,6.15,4.39
0,8.8,2.91
0,13.85,3.18
0,5.95,2.37
0,9.65,3.53
0,10.6,4.24
0,7.65,4.05
0,4.45,2.82
0,14.7,1.06
0,0.8,3.96
0,-0.55,5.16
0,8.05,2.22
0,3.7,3.17
0,9.5,1.03
0,5.1,2.6
0,12.35,3.13
0,11.05,2.75
0,-8.65,6
0,3.8,3.77
0,7.7,2.39
0,14.1,2.55
0,7.5,4.15
0,21.15,0.27
0,9.8,2.09
0,15.3,2.57
0,6.35,3.11
0,4.7,4.64
0,8.25,3.15
0,1.1,4.69
0,29,0.2
0,-0.05,4.82
0,-0.15,4.75
0,-1.95,5.53
0,18.05,3.03
0,19.8,0.79
0,13.15,3.27
0,2.4,4.39
0,15.4,1.04
0,3.25,4.74
0,9.95,3.45
0,19.65,1.87
0,4.45,4.53
0,8.8,2.5
0,24.8,0.7
0,3.35,4.6
0,21.9,1.6
0,15.6,2.2
0,8.9,3.92
0,8.6,3.28
0,6.3,3.01
0,8.1,2.3
0,11.75,2.81
0,9.7,1.14
0,6.4,3.79
0,12.6,2.73
0,9.75,1.68
0,12.4,2.5
0,13.45,2.96
0,9.4,3.37
0,7.65,3.11
0,7.3,2.62
0,11.65,3.78
0,5.9,3.23
0,15.1,2.22
0,20.9,-0.19
0,2.7,3.52
0,25.4,0.9
0,6.85,3.53
0,7.75,4.19
0,10.15,3.67
0,14.95,2.01
0,9.2,3.24
0,4.35,3.7
0,9.35,2.23
0,16.65,0.98
0,5,2.81
0,17.55,1.22
0,-2.2,5.64
0,20.2,1.94
0,11,2.11
0,4.7,4.89
0,18.15,1.18
0,15.7,2.27
0,7.35,2.72
0,12.05,1.13
0,-1.15,6.49
0,9.5,5.31
0,8.3,3.42
0,16.55,1.8
0,6.3,4.81
0,3.85,4.67
0,6.4,4.21
0,16,1.34
0,13.75,3.27
0,2.55,4.5
0,9.75,2
0,8.05,3.18
0,2.35,2.57
0,3.55,4.02
0,-2.2,6.02
0,5.75,1.93
0,10.8,4.14
0,10.35,3.08
0,9.8,3.18
0,16.25,2.16
0,15.35,2.58
0,10.95,3.09
0,3.05,3.31
0,9.9,3.32
0,3.7,4.7
0,10.75,5.19
0,12.9,1.43
0,12.7,2.99
0,6.4,3.78
0,5.75,3.69
0,12.95,3.54
0,15.45,-0.12
0,12,3.38
0,9.95,3.74
0,15.5,3.23
0,18.7,2.42
0,-1.7,4.03
0,14.85,1.4
0,5.7,4.27
0,10.15,3.88
0,0.5,4.92
0,-1.55,3.62
0,12.1,2.55
0,2,4.03
0,5.9,2.9
0,11.75,1.45
0,12.2,0.93
0,13.75,2.69
0,15.35,1.56
0,14.8,1.32
0,16.35,0.18
0,12,2.06
0,4.55,4
0,7.6,4.2
0,9.25,3.98
0,6.65,3.6
0,12.8,3.5
0,14.4,2.05
0,0.3,3.97
0,12.35,1.78
0,12.05,3.61
0,11.75,2.86
0,12.85,3.57
0,20.25,0.49
0,11.45,3.27
0,8.15,5.42
0,16.05,1.31
0,15.75,2.68
0,15.35,0.69
0,20.85,-0.11
0,17.85,0.8
0,12.75,3.38
0,15.8,2.11
0,3.45,3.95
0,4.3,2.5
0,3.65,4.52
0,13.9,2.02
0,10.45,3.32
0,11.4,2.99
0,24.7,-1.29
0,12.4,2.86
0,14.7,1.76
0,16.3,2.14
0,16,2.86
0,19.35,1.45
0,19.3,1.7
0,-0.1,4.49
0,6.45,2.1
0,7.05,2.95
0,15.1,2.47
0,16.25,2.24
0,8.95,3.09
0,12.05,3.66
0,15.7,0.94
0,10.85,2.67
0,14.05,2.1
0,18,1.56
0,-0.35,5.84
0,13.1,2.98
0,5.1,4.49
0,-5.8,6.46
0,10,1.63
0,1.3,4.57
0,11.55,1.9
0,6.8,4.7
0,6.75,3.55
0,15.65,2.86
0,11,1.47
0,-1.65,5.23
0,4.8,4.31
0,0.2,4.96
0,14.45,2.61
0,2.85,3.85
0,13.1,1.15
0,5.05,2.88
0,17.1,3.33
0,15,1.56
0,11.6,2.55
0,3.95,4.26
0,10.8,1.91
0,5.15,3.54
0,14.65,1.2
0,5.75,3.27
0,16.95,3.38
0,20.1,2.16
0,12.3,2.69
0,-0.6,4.34
0,9.85,3.22
0,2.85,3.58
0,13.95,1.36
0,4.5,4.11
0,20.85,0.37
0,14.4,1.62
0,7.8,2.84
0,18.9,2.3
0,-4.9,5.08
0,13.9,1.05
0,8.55,2.87
0,13.5,1.7
0,10.55,2.47
0,0,4.27
0,6.75,3.27
0,7.85,1.99
0,17.75,2.89
0,9.1,2.52
0,11.5,2.42
0,10.45,1.43
0,21.95,1.37
0,15.05,3.55
0,-4.6,4.7
0,11.25,3.25
0,6.1,3.88
0,1.35,4.23
0,7.85,4.15
0,6.25,2.84
0,3.7,4.25
0,4.75,5.2
0,14.05,2.62
0,8.95,3.44
0,19.5,-0.42
0,19.15,1.22
0,10,3.75
0,14.1,0.97
0,-0.65,5.19
0,3.55,2.65
0,7.45,3.07
0,1.8,3.37
0,12.05,1.05
0,19.3,2.08
0,8.05,3.29
0,3.6,3.14
0,12.65,3.34
0,19.05,1.44
0,14.35,3.97
0,26.05,0.12
0,25.85,0.33
0,5.05,4.27
0,9.65,4.04
0,14.65,0.94
0,-11.4,6.89
0,2.85,4.91
0,21.2,0.38
0,17.15,1.99
0,5.85,5
0,6.35,4.63
0,21.2,-0.56
0,30.85,0.81
0,17.45,1.16
0,8.2,2.13
0,1.05,3.67
0,14.15,3.9
0,19.55,1.06
0,-5.4,5.66
0,4.8,2.32
0,13.15,2.99
0,16.05,1.8
0,7.05,3.3
0,8.75,3.38
0,21.9,1.2
0,14.6,4.03
0,7.6,4
0,12.1,1.95
0,-7.9,3.85
0,7.55,2.87
0,7.1,2.26
0,11.6,2.92
0,4.9,4.46
0,-1.6,3.96
0,8.2,2.18
0,18.7,2.87
0,11.65,1.54
0,14.65,0.09
0,6.2,6.32
0,13.1,1.53
0,16.25,1.76
0,17.3,1.52
0,19.5,2.34
0,11.5,2.5
0,11.8,2.55
0,9.45,3.68
0,4.35,3.22
0,9.95,2.39
0,-0.55,5.43
0,8.1,1.97
0,7.2,3.32
0,-6.5,4.49
0,-2.85,5.99
0,9,4.1
0,13.95,2.77
0,5.2,4.01
0,0.6,3.89
0,5.3,3.92
0,-2.7,3.85
0,11.4,4.02
0,12.6,2.21
0,9.65,3.12
0,23.85,0.72
0,16.65,1.87
0,4.35,4.17
0,17.45,0.4
0,2.3,4.07
0,13.3,1.69
0,5.4,4.26
0,0.55,5.4
0,16.1,1.48
0,14.65,3.35
0,12.2,3.37
0,10.9,2.87
0,9.5,2.24
0,4.7,3.82
0,17,1.37
0,20.45,0.64
0,14.55,1.16
0,3.85,3.58
0,11.55,4.34
0,10.8,2.53
0,13.6,1.4
0,9.3,3.49
0,7.9,3.19
0,11.25,3.15
0,21.85,2.8
0,14.95,1.05
0,12.55,2.11
0,2.6,4.77
0,13.4,2.29
0,7.35,2.68
0,-3,3.7
0,1.7,3.98
0,11.25,3
0,1.25,5
0,13,3.75
0,6.4,3.57
0,6.3,4.2
0,17.7,2.19
0,29.6,-0.27
0,13.05,0.85
0,6.15,2.02
0,9.25,2.01
0,5.25,3
0,8.9,3.98
0,20.95,1.61
0,6.05,3.79
0,4.55,3.07
0,0.05,2.98
0,9.55,3.64
0,11.45,2.76
0,10.15,2.5
0,23.35,0.68
0,0,4.34
0,5.95,3.54
0,7.25,2.73
0,-2.3,4.58
0,-0.95,4.67
0,16.4,3.98
0,13.7,2.76
0,17.45,2.17
0,19.15,1.38
0,10.9,2.29
0,4.65,3.35
0,15.75,2.14
0,-2.95,6.63
0,14.65,0.95
0,7.35,3.6
0,4.6,3.78
0,12.4,3.49
0,0.05,3.71
0,5.45,3.87
0,19.5,3.12
0,15.25,2.85
0,9,3.08
0,4.35,4.32
0,18.75,2.7
0,8.05,3.5
0,14.45,1.82
0,11.6,3.04
0,13.7,1.89
0,19.5,2.3
0,-6.8,4.76
0,7.7,1.66
0,21.1,1.42
0,14.55,1.31
0,11.4,4.22
0,15.15,2.85
0,14.25,2.27
0,2.15,6.07
0,0.45,4.92
0,12.75,4.32
0,7.7,4.61
0,6.45,3.75
0,15.35,1.34
0,14.35,3.8
0,10.65,5.1
0,5.2,6.13
0,9.9,3.25
0,3.55,2.38
0,7.75,3.86
0,15.85,0.64
0,-3.6,4.8
0,10.3,5
0,7.8,3.51
0,16.7,1.48
0,2.1,2.91
0,18.3,2.08
0,21.65,0.75
0,17.15,3.6
0,14.25,2.33
0,-1.4,5.87
0,14.85,1.56
0,13.75,4.21
0,12.5,2.8
0,19.1,1.53
0,0.55,4.04
0,15.35,1.37
0,19.7,1.66
0,10.85,3.19
0,9.5,2.59
0,13.3,3.57
0,21.55,0.55
0,15.7,1.21
0,19.15,1.55
0,11.55,4.21
0,-4.7,5.45
0,2.3,2.91
0,14.5,1.94
0,7.15,3.53
0,6.9,3.02
0,16.2,1.32
0,8.15,3.71
0,4.35,3.9
0,14.45,2.42
0,28.25,-1.03
0,17.25,2.5
0,4.1,3.45
0,10.45,2.92
0,9.45,1.76
0,22.05,0.68
0,10.65,3.14
0,16.5,2.39
0,11.75,1.53
0,16.85,3.26
0,-0.15,3.32
0,9.45,3.15
0,4.05,3.47
0,9.8,1.98
0,15.2,2.22
0,11.05,4.19
0,4.5,5.19
0,17.45,1.66
0,12.2,3.85
0,12.3,3.03
0,12.8,2.49
0,19.3,2.34
0,22.2,0.7
0,14,2.99
0,11.55,3.86
0,14.45,1.35
0,6.85,2.89
0,12.5,2.17
0,-4.9,4.82
0,20.25,1.08
0,29.1,-1.44
0,6.2,4.07
0,20.55,0.93
0,6.5,4.61
0,10.3,3.59
0,18.7,1.87
0,17.6,2.43
0,0.65,4.06
0,13.95,0.71
0,4.65,1.79
0,5.35,3.65
0,12.1,2.16
0,-11.75,7.79
0,7.1,4.67
0,0.45,5.3
0,13.85,1.99
0,27.2,1.96
0,15.65,2.12
0,13.8,2.97
0,5.85,3.45
0,20.75,2.14
0,12.15,1.96
0,6.55,4.29
0,12.55,2.52
0,15.3,0.63
0,18.6,1.58
0,7.2,3.96
0,14.55,3.14
0,16.6,2.99
0,8.25,2.68
0,5.8,3.45
0,18.8,0.28
0,7.25,3.67
0,15.85,1.23
0,9.25,3.23
0,10.45,3.24
0,9.25,2.53
0,7.25,3.45
0,19.7,1.8
0,10.5,3.17
0,13.35,3.98
0,11.85,3.99
0,12.25,3.32
0,14.1,3.85
0,3.35,3.28
0,12.65,3.35
0,11.1,2.65
0,20.55,0.79
0,15.7,3.72
0,12.8,1.82
0,27.2,-0.47
0,12,3.38
0,18.7,1.56
0,14.55,0.77
0,10.4,2.29
0,-1.95,5.85
0,20.35,1.55
0,2.25,6.29
0,7.15,4.23
0,9.05,4.27
0,12.3,2.23
0,10.55,2.82
0,20,2
0,12.6,2.07
0,4,4.52
0,20.4,0.65
0,1,5.91
0,10.7,2.2
0,1.15,5.47
0,20.8,2.78
0,14.45,2.36
0,25.15,1.65
0,-2.4,4.97
0,27.45,-0.36
0,11.85,2.39
0,19.3,0.95
0,10.45,2.31
0,8.75,4.12
0,10.95,2.83
0,3.35,2.81
0,12.55,3
0,12.3,1.04
0,14.8,2.43
0,18.75,1.7
0,11.25,2.28
0,2.65,3.92
0,20.3,2.88
0,0.55,4.84
0,9.85,3.12
0,15.75,1.22
0,2.9,4.38
0,12.05,2.46
0,8.45,4.01
0,5.45,3.57
0,15.1,2.44
0,20.95,1.21
0,9.8,2.71
0,6.1,4.42
0,0.7,4.23
0,-8.4,6.6
0,14.25,3.12
0,2.75,4.1
0,10.6,1.41
0,-2.6,4.45
0,19.55,3.28
0,11.2,1.36
0,11.95,3.02
0,9.3,3.26
0,-3,3.8
0,15.8,1.87
0,-1.55,4.58
0,4.35,4.49
0,9.7,3.32
0,13.6,1.55
0,10.7,2.79
0,14.85,3.82
0,12.3,2.55
0,10.2,2.44
0,-2.25,5.36
0,6.85,3.83
0,10.35,2.53
0,11.75,3.33
0,11.1,2.94
0,2.9,5.25
0,18.5,-0.54
0,-4.75,5.69
0,3.9,2.93
0,28.7,-0.76
0,1.35,4.64
0,4.85,2.86
0,0,4.1
0,13.65,1.15
0,9.4,3.09
0,7.55,4.23
0,14.55,4.75
0,1.15,4.55
0,15.6,1.62
0,13.75,3.82
0,15.65,2.84
0,8.4,3.51
0,6.3,3.46
0,9.3,3.96
0,13.05,2.49
0,7.3,3.22
0,1.75,4.96
0,18.25,0.81
0,22.05,0.66
0,11.2,3.11
0,8.25,3.15
0,1.75,4.3
0,14.35,3.88
0,10.6,4.27
0,7.3,2.33
0,4.9,3.34
0,14.4,1.16
0,9.15,2.2
0,-9.45,6.33
0,3.95,4.93
0,7.9,4.32
0,17.4,3.62
0,5.35,2.77
0,16.7,1.58
0,7.3,3.84
0,13.15,2.82
0,17.8,2.48
0,1.65,4.67
0,5.85,2.83
0,10.8,2.93
0,6.25,4.06
0,14.8,2.69
0,6.4,2.46
0,5.7,3.21
0,10.6,3.49
0,25.1,0.58
0,9.35,2.88
0,3.8,4.35
0,9.05,3.61
0,16.2,0.95
0,16.15,1.33
0,4.7,3.22
0,7.8,2.06
0,15.85,1.54
0,16.8,3.59
0,12.1,2.33
0,14.05,1.38
0,10.45,2.94
0,8.8,2.61
0,3,4.08
0,15.1,1.95
0,-0.1,5
0,17.7,0.88
0,-10.1,7.06
0,10.55,1.33
0,5.65,4.69
0,5.95,3.43
0,10.05,2.96
0,6.45,2.59
0,15,2.81
0,16.15,4.08
0,10.8,2.9
0,16.85,1.9
0,19.95,2.9
0,16.25,2.97
0,12.85,2.71
0,5.1,3.79
0,2.2,5.87
0,8.85,2.57
0,3,4.88
0,13.15,3.25
0,17.6,1.7
0,20.95,1.39
0,15.7,0.63
0,11.25,2.39
0,4.85,2.02
0,-2.8,5
0,9.4,2.09
0,4.65,4.66
0,8.7,3.15
0,16.4,3.21
0,2.1,5.8
0,11.05,2.59
0,21.65,1.7
0,7.55,3.17
0,5.45,2.96
0,15.05,2.18
0,-9.9,6.06
0,14.1,2.99
0,8.8,2.7
0,12.6,2.12
0,14.1,0.69
0,13.7,3.77
0,15.2,2.64
0,4.25,3.46
0,19.25,1.11
0,-2.4,4.2
0,16.5,1.99
0,12.9,3.04
0,23.6,1.43
0,-6.35,6.79
0,19.85,1.04
0,5.55,4.58
0,6.55,3.21
0,19.9,1.65
0,23.3,0.19
0,6.05,5.08
0,5.45,2.52
0,4.65,3.99
0,12.7,2.72
0,5.75,2.84
0,18.4,3.68
0,26,2.39
0,8.1,3.73
0,9.15,3.13
0,6.95,3.32
0,16.95,2.28
0,0.35,4.78
0,28.7,-0.04
0,13.35,0.7
0,4.35,3.52
0,11.35,3.54
0,-1.25,4.53
0,5,3.16
0,12.65,3.8
0,13.25,3.04
0,17.95,2.56
0,0.7,4.47
0,10.95,4.89
0,16.4,2.04
0,12.55,0.84
0,-6.5,5.32
0,19.1,2.02
0,8.75,3.17
0,23.7,1.92
0,7.5,3.12
0,10.6,3.27
0,1.35,2.06
0,6.2,5.48
0,5.7,4.9
0,18.45,2.28
0,9.15,3.11
0,2.9,3.25
0,14.45,3.03
0,24.65,0.15
0,14.15,3.63
0,25.15,-0.06
0,-0.85,4.55
0,13.5,2.17
0,15.8,0.87
0,18.1,2.54
0,13.5,3.51
0,14.2,2.71
0,-0.05,3.82
0,-0.25,3.38
0,10.7,2.7
0,7.75,3.9
0,10.3,2.94
0,13.2,2.05
0,2.55,4.15
0,6.45,4.95
0,8.3,2.45
0,8.9,4.6
0,21,0.35
0,10.7,3.1
0,25.9,0.72
0,24.1,0.65
0,8.05,4.53
0,9.45,2.78
0,4.5,3.67
0,7.05,4.67
0,4,4.1
0,9.65,0.53
0,17.1,2.61
0,7.15,1.24
0,3.15,4.57
0,15.35,1.66
0,18.2,1.43
0,10,1.8
0,21.5,1.28
0,-2.85,2.69
0,11.85,2.8
0,12.35,2.25
0,10.05,2.82
0,10.35,3.73
0,12.5,1.93
0,5.6,4.92
0,-4.75,5.39
0,9.9,2.55
0,1.75,4.4
0,13.4,3.96
0,6.65,2.75
0,10,3.54
0,-1.1,5.37
0,16.9,1.84
0,9.75,3.29
0,5.35,3.7
0,15.45,1.85
0,2.1,5.51
0,12.9,3.5
0,14.05,1.58
0,22.05,1.05
0,4.55,3.16
0,9.35,3.64
0,12.7,2.05
0,7.05,4.42
0,5.05,3.5
0,22.85,-0.45
0,11.95,2.11
0,11.45,3.88
0,13.25,3.57
0,3.25,5.1
0,7.15,2.95
0,22.95,0.11
0,7.2,3.53
0,11.85,2.95
0,15.55,2.46
0,7.7,3.05
0,7.9,1.88
0,9.6,3.25
0,25.35,1.03
0,15.75,1.16
0,5.9,2.06
0,16.5,1.5
0,5.7,3.71
0,11.85,3.34
0,8.85,3.55
0,16.1,2.08
0,-2.2,5.56
0,10.25,2.8
0,4.25,4.76
0,-2.6,4.98
0,16.3,1.61
0,-3.45,4.82
0,2.15,5.74
0,4.9,3.63
0,14.05,2.49
0,6.5,4.58
0,9.2,3.6
0,9.8,1.91
0,2.35,4.36
0,-0.35,5.23
0,12.55,3.1
0,10.5,3.83
0,5.3,4.15
0,18.8,1.62
0,14.9,1.64
0,9.7,1.74
0,2.4,4.03
0,-1.85,3.45
0,9.25,2.87
0,0.3,5.17
0,7.15,4.18
0,33.65,-0.25
0,19.05,0.92
0,17.3,1.31
0,13,3.28
0,8.3,3.16
0,17.2,3.33
0,17,1.53
0,7.65,2.65
0,4.55,5.12
0,17.7,1.58
0,20.05,1.93
0,25.7,-0.61
0,18.3,0.68
0,6,4.64
0,11.6,3.39
0,4,5.54
0,9.75,5.24
0,5.1,2.44
0,5.7,4.01
0,19,1.06
0,25.9,0.44
0,15.2,1.62
0,20.2,0.38
0,14.85,2.84
0,13.65,3.86
0,5.2,6.66
0,7.2,4.47
0,12.2,2.24
0,7.65,4.03
0,7.65,5.16
0,12.75,2.01
0,9.6,3.42
0,9.45,3.75
0,9.05,3.7
0,21.15,1.19
0,12.25,4.33
0,5.45,4
0,21.25,0.37
0,1.9,3.04
0,3.15,4.06
0,-5,3.84
0,-0.9,4.54
0,18.5,1.61
0,6.15,3.56
0,25.95,0.63
0,11.35,3.03
0,-0.8,2.72
0,-4.35,6.33
0,7.4,2.88
0,8.45,3.41
0,16.35,0.94
0,10.9,3.54
0,2.45,2.5
0,11.7,2.85
0,28.45,0
0,9.9,2.58
0,18.55,1.73
0,21.95,1.47
0,17.55,1.68
0,11.35,2.4
0,5.6,2.07
0,-0.1,4.84
0,7.45,2.58
0,19.65,2.19
0,6.95,4.31
0,1.9,6.03
0,10.05,3.62
0,13.8,1.8
0,17.65,2.31
0,4.65,4.06
0,1.5,4.1
0,-0.9,4.21
0,8.5,4.16
0,8.8,2.51
0,9.95,2.02
0,5.4,5.07
0,10.9,2.17
0,9.3,2.55
0,5,3.61
0,6.8,3.63
0,21.2,0.96
0,7.5,4.14
0,15.8,2.58
0,10.3,2
0,14.85,2
0,11.15,2.41
0,13.2,2.26
0,5.95,2.44
0,2.55,5.69
0,24.9,-0.25
0,9.2,3.18
0,6.9,5.05
0,13.95,1.84
0,1.2,4.49
0,10.45,1.76
0,14.75,2.28
0,19.35,1.31
0,13.65,1.86
0,10.1,4.01
0,20,1.48
0,28,0.05
0,19.1,1.75
0,7.65,4.94
0,12.05,2.45
0,8.7,3.48
0,9.95,3.06
0,8.8,2.37
0,9.8,1.72
0,8.9,3.26
0,12.4,3.4
0,1.7,3.3
0,24.25,3.01
0,16.45,1.48
0,14.15,2.5
0,-4.6,5.4
0,9.15,3.52
0,10.65,-0.08
0,2,3.03
0,4.4,2.32
0,8.1,2.52
0,14.15,1.74
0,14.15,1.16
0,-3.5,4.32
0,14.35,3.28
0,5.65,5.01
0,9.15,3.24
0,7.95,2.86
0,11.85,3.19
0,8.55,0.95
0,25.25,-0.25
0,23.6,1.69
0,-8.9,6.02
0,11.75,3.39
0,14.2,2.82
0,12.05,3.02
0,21.85,1.54
0,8.75,3.21
0,14.45,2.25
0,4.4,3.01
0,12.1,3.49
0,19.25,2.29
0,4.85,4.52
0,2.9,4.03
0,0.45,5.66
0,13.2,3.28
0,9.1,3.4
0,2.35,3.11
0,2.7,5.7
0,12.6,2.31
0,6.45,2.67
0,19.2,2.36
0,13.2,2.87
0,19.15,2.49
0,20.35,0.5
0,5.5,4.74
0,17.75,2.69
0,10.95,3.06
0,7.7,3.34
0,19.7,1.71
0,11.7,3.07
0,-1.75,6.61
0,6.2,5.42
0,9.8,3.57
0,6.55,4.92
0,10.8,2.89
0,14,3.3
0,2.75,3.02
0,15.05,2.44
0,-2.35,5.79
0,5.75,4.09
0,18.25,2.47
0,5.35,3.72
0,16.55,3
0,14.2,3.63
0,16.6,2.39
0,4.95,4.06
0,15.35,3.04
0,9.95,2.93
0,17.9,2.84
0,10.4,2.35
0,10.2,3.15
0,14.45,-0.5
0,20.5,-0.18
0,3.85,2.65
0,4.4,2.77
0,12.85,3.77
0,3.7,3.43
0,1.3,4.98
0,1.55,4.27
0,3.85,3.66
0,12.2,3.23
0,0.45,3.6
0,4.5,3.23
0,14,1.85
0,3.85,1.96
0,7.25,3.82
0,16.25,2.6
0,5.35,3.06
0,19.4,-0.73
0,18.5,1.75
0,3.1,4.56
0,4.3,4.92
0,22.45,2.45
0,8.95,2.43
0,3.9,3.08
0,5.45,1.86
0,12.9,3.05
0,8.55,2.51
0,10.15,2.46
0,7.75,3.85
0,14.35,1.21
0,16.75,1.4
0,1.45,2.14
0,0.3,4.58
0,5,2.24
0,17.15,3.24
0,8.85,3.49
0,19.6,1.04
0,5.05,4.32
0,9.3,2.77
0,7.3,3.54
0,17.75,2.16
0,18.95,2.57
0,11.5,2.36
0,5.05,4.18
0,16.65,2.29
0,14,1.71
0,3.95,2.05
0,21.7,0.28
0,12.45,3.65
0,10.5,1.59
0,-2.75,6.13
0,3.35,4.31
0,16.6,3.06
0,12.35,3.06
0,10.35,3.09
0,6.85,3.05
0,8.9,2.81
0,10.7,3.37
0,10.15,3.73
0,8.2,4.36
0,2.75,4.26
0,0.45,3.85
0,3.2,4.49
0,7.7,2.7
0,10.65,2.85
0,7.2,2.41
0,14.9,2.35
0,14.5,3.41
0,1.25,4.63
0,1.35,4.14
0,10.75,1.69
0,0.75,4.68
0,10.6,3.67
0,-3.2,5.59
0,13.4,3.69
0,9.7,3.2
0,10.1,2.19
0,13.3,1.22
0,3.9,4.04
0,14.45,2.89
0,11.5,4.4
0,20.4,0.67
0,19.45,1.95
0,23.6,1.34
0,10.35,3.32
0,24.8,0.66
0,-6.4,4.07
0,2.9,2.98
0,4.65,3.53
0,5.1,2.39
0,7.45,4.13
0,7.65,2.43
0,10.95,2.6
0,11.15,3.13
0,-6,6.12
0,12.25,2.15
0,14.3,2.64
0,14.1,1.17
0,5.55,3.17
0,3.15,4
0,14.75,3.23
0,16.2,2.08
0,1.95,4.12
0,12.8,2.58
0,10.65,2.18
0,-2.15,4.78
0,15.25,2.17
0,13.55,2.38
0,14.25,3.41
0,1.95,3.27
0,2.15,5.14
0,15.4,1.5
0,12.55,1.49
0,8.9,4.99
0,8.6,3.78
0,12.6,2.39
0,2.35,2.61
0,7.3,2.75
0,1.6,4.93
0,4.55,4.06
0,12.95,2.28
0,12.75,3.96
0,-0.35,4.13
0,6.2,2.34
0,9.8,3.7
0,25.55,1.69
0,18.05,0.81
0,15.45,3.14
0,8.8,3.79
0,-0.85,5.47
0,-2.7,3.69
0,5.45,3.64
0,24.8,1.34
0,8.9,3.95
0,10.8,2.35
0,7.3,3.29
0,13.95,2.61
0,13.6,2.99
0,-5.05,6.26
0,9.4,3.41
0,18.2,2.12
0,9.75,4.66
0,16.2,1.62
0,13.35,2.33
0,29.9,-0.85
0,21.75,0.56
0,5.15,3.34
0,2.9,4.44
0,6.95,3.76
0,15.8,0.48
0,-1.6,5.95
0,6.2,2.81
0,7.2,3.59
0,1.45,4.42
0,13.1,2.48
0,9.6,1.83
0,4.95,2.83
0,10.75,2.6
0,6.6,3.01
0,7.85,2.57
0,7.4,2.18
0,11.3,1.97
0,0.7,5.27
0,3,4.5
0,9.7,4.86
0,-4.35,5.76
0,14.2,2.96
0,10.3,2.87
0,18,0.89
0,4.8,3.87
0,12.65,1.01
0,11.3,2.91
0,9.55,2.92
0,6.4,4.92
0,21.75,0.4
0,12.7,2.74
0,15.85,1.98
0,6.75,3.56
0,0.35,4.36
0,-2.9,6.31
0,6.7,4.15
0,23.85,0.06
0,7.65,2.88
0,7.8,4.17
0,-3.45,6.09
0,15.05,2.35
0,14.45,1.99
0,19.55,1.58
0,5.9,3.35
0,20.15,1.43
0,8.4,3.67
0,9.4,3.41
0,8.9,3.61
0,19.6,1.11
0,14.7,1.9
0,7.55,3.34
0,8.1,2.81
0,0,3.69
0,13.95,3.63
0,1.25,3.99
0,15.55,2.03
0,18.45,1.01
0,7.1,1.96
0,2.9,5.15
0,12.15,2.26
0,12.15,2.12
0,13.75,0.86
0,17.75,1.88
0,14.15,1.79
0,1.2,3.32
0,-3.7,5.31
0,-0.65,5.71
0,5.9,4.72
0,9.6,2.19
0,10.75,4.22
0,7.2,3.18
0,12.8,2.97
0,6.95,4
0,4.95,3.68
0,18.1,2.5
0,20.55,1.84
0,15.5,1.56
0,12.95,3.02
0,8.9,4.5
0,19.9,1.11
0,2.05,2.94
0,11,2.1
0,5.35,4.75
0,3.65,4.29
0,5.65,2.65
0,18.1,2.44
0,15,2.34
0,9.6,3.07
0,15.6,2.1
0,4.7,3.17
0,20.35,1.44
0,-1.5,4.4
0,7.55,3.84
0,20.6,2.46
0,9.55,2.86
0,13.45,3.03
0,12.85,2.59
0,4.95,3.13
0,9.6,2.48
0,2.15,4.42
0,-1.35,4.85
0,16.65,1.91
0,4.65,3.36
0,9.75,2.76
0,2.85,4.83
0,17.05,1.7
0,15.45,1.96
0,20.6,0.42
0,2.25,5.01
0,15.4,2.2
0,15.9,3.52
0,6.2,2.89
0,26.35,-0.06
0,-6.65,6.06
0,2.35,3.99
0,4.75,3.6
0,15.8,2.6
0,6,2.63
0,24.9,0.87
0,-0.6,5.19
0,10.65,2.69
0,13.9,1.87
0,8.7,1.84
0,10.95,2.72
0,-8.55,3.8
0,15.2,1.52
0,8.8,2.21
0,9.15,2.29
0,20.45,1.95
0,-5.3,6.68
0,8.9,3.44
0,17.15,2.2
0,18.1,0.98
0,2,4.57
0,10.35,2.14
0,9.5,1.65
0,14.8,2.45
0,14.7,3.25
0,5.3,3.37
0,9.3,3.69
0,17.55,2.13
0,9.6,4.04
0,7.15,4.67
0,1.65,4.14
0,7.15,1.49
0,4.65,3.73
0,6.75,4.17
0,6.25,4.14
0,7.05,2.54
0,17.95,2.07
0,2.85,4.37
0,9.75,2.7
0,5.7,4.12
0,17.25,1.54
0,20,1.67
0,17.2,1.4
0,13.85,0.85
0,25.5,0.34
0,15.05,3.26
0,15.45,1.18
0,8.1,3.06
0,12.7,2.7
0,10.55,4.57
0,23.85,2.69
0,18.05,0.96
0,-2.35,4.33
0,15,2.14
0,9.45,2.95
0,19,2.43
0,9.15,3.58
0,21,1.05
0,-10.25,7.15
0,-11.55,6.6
0,9.4,2.83
0,5.25,4.27
0,19.05,2.03
0,13.05,2.38
0,17,2.37
0,-5.15,5.72
0,13.45,2.04
0,9.55,2.5
0,9,3.03
0,12.25,1.69
0,13.4,2.89
0,3.95,4
0,7.5,4.12
0,10.95,3.49
0,-0.45,4.86
0,1.5,4.54
0,5.2,4.31
0,4.3,3.98
0,11.05,2.64
0,21.85,2.15
0,5.3,2.06
0,-5.85,4.8
0,-5.05,5.2
0,14.6,3.52
0,14,1.79
0,0.25,5.59
0,8.8,5.58
0,9.55,2.59
0,6.2,4.83
0,5.1,4.05
0,26.5,0.87
0,11.7,3.74
0,16.45,1.83
0,13.15,2.3
0,9.45,2.39
0,9,2.98
0,15.7,1.92
0,9.65,4.23
0,16.85,1
0,27,1.68
0,2.65,4.34
0,13.15,2.57
0,12.8,1.98
0,13.5,2.41
0,15.1,2.99
0,12.65,2.72
0,20.9,1.51
0,11.05,2.76
0,20.55,0.87
0,12.25,3.73
0,-0.45,3.82
0,13.65,2.95
0,10.7,3.35
0,-0.9,4.39
0,2.95,3.52
0,-1.85,5.12
0,7.9,3.88
0,-2.2,4.19
0,15.65,2.46
0,1.15,5.05
0,28.55,0.74
0,16.05,1.8
0,24,0.08
0,22.55,1.29
0,17.7,0.71
0,11,2.2
0,10.35,2.66
0,20.45,1.86
0,28.6,1.08
0,12.35,2.71
0,-4.85,6.35
0,8.95,3.04
0,12,2.69
0,14.65,-0.09
0,3.5,3.7
0,18.75,2.02
0,24.55,-0.63
0,12.8,2.26
0,-6.15,5.85
0,21,0.68
0,10.9,2.49
0,15.35,3.87
0,-0.65,5.28
0,5.4,4.86
0,24.35,0.47
0,-6.7,5.09
0,23.05,0.63
0,10.8,2.7
0,12.05,1.78
0,13.6,3.08
0,2.25,4.24
0,8.3,2.77
0,26.35,0.19
0,5.05,4.44
0,4.8,2.92
0,16.85,2.98
0,12.6,2.39
0,8.1,2.72
0,13.15,3.13
0,18.95,-0.24
0,-4.45,4.79
0,11.35,1.83
0,6.5,4.26
0,12.45,2.07
0,6.65,3.84
0,27.55,1.11
0,16.2,2.28
0,3.4,3.13
0,-1,3.68
0,16.85,1.87
0,12.1,2.26
0,3.8,3.85
0,8,3.38
0,9.05,2.97
0,16.85,1.96
0,6.25,2.64
0,16.25,2.51
0,-7.95,5.92
0,7.2,3.68
0,13.85,1.72
0,7.35,1.87
0,11.2,2.27
0,18.35,2.09
0,1.7,3.27
0,14.45,0.8
0,10.3,2.3
0,25.8,0.39
0,18.05,1.16
0,5.35,3.25
0,12,1.03
0,0.6,5.15
0,2.3,4.06
0,8.1,3.74
0,2.65,4.77
0,2.05,3.09
0,9.4,2.64
0,2.8,4.36
0,6.25,4.47
0,8.35,3.77
0,23.2,-0.74
0,1.4,5.47
0,1.65,4.28
0,11.65,3.45
0,-1.4,4.59
0,4.4,4.16
0,8.9,3.54
0,15.45,2.19
0,4.4,4.87
0,-1.8,5.25
0,13.15,2.83
0,10.05,2.7
0,9.65,2.37
0,10.55,3.63
0,4.7,4.85
0,7.5,1.92
0,8.2,4.53
0,25.8,0.25
0,18.45,0.91
0,10.4,2.17
0,16.25,2.44
0,28.05,0.83
0,12.35,2.24
0,8.45,3.38
0,3.6,3.16
0,6.9,4.63
0,17.55,2.53
0,10.35,3.63
0,19.85,1.75
0,12.8,4.5
0,15.1,1.48
0,9.5,3.12
0,10.4,3.22
0,-1.55,5.32
0,8.55,3.08
0,7.7,3.14
0,11.45,1.67
0,9.05,2.48
0,15.3,1.97
0,12.35,2.69
0,8.5,3.79
0,18,0.61
0,12.3,1.96
0,7.65,3.65
0,21.4,1.45
0,-4.15,7.28
0,10.5,2.64
0,14.65,3.58
0,9.8,4.23
0,12.5,1.72
0,7.6,3.31
0,16.15,2.57
0,8.1,3.37
0,9.6,3.08
0,8.35,3.8
0,18.45,1.37
0,15.65,0.76
0,17.35,2.01
0,3.5,4.79
0,0.95,4.13
0,13.75,2.4
0,21.25,0.62
0,10.45,2
0,-3.3,5.51
0,5.25,2.36
0,10.65,3.69
0,6.7,5.4
0,8.9,3.86
0,11.35,4.3
0,8.45,3.39
0,15.7,3.27
0,5.25,2.96
0,14.2,2.46
0,-0.25,3.17
0,8.5,4.25
0,11.4,2.98
0,14.25,2.83
0,15.5,1.07
0,4.8,4.02
0,14.15,1.63
0,6.15,2.99
0,1.35,3.46
0,19.75,1.38
0,12.25,2.9
0,3.6,4.65
0,5.4,4.42
0,14.2,2.54
0,10.65,4.51
0,14.75,2.52
0,6.9,3.9
0,8.4,1.32
0,5.55,3.85
0,9.85,2.17
0,9.5,3.6
0,14.45,2.38
0,15.3,1.46
0,16.75,0.92
0,17.75,1.82
0,3.7,5.52
0,10.4,3.77
0,-1.15,4.21
0,17.9,2.15
0,25.15,0.81
0,3.2,3.35
0,18.95,0.3
0,14.2,1.57
0,5.55,3.36
0,9.25,3.16
0,-5.1,6.06
0,10.3,2.51
0,4.2,3.79
0,15.3,1.33
0,19.55,0.79
0,2.6,4.09
0,7.5,3.72
0,-9.75,5.57
0,6.75,3.22
0,10.8,2.97
0,3.6,2.79
0,18.5,2.24
0,10.95,3
0,7.75,3.69
0,19.35,1.4
0,24.3,0.55
0,18.3,-0.46
0,18.85,4.21
0,8.3,4.17
0,7.15,2.89
0,7.1,2.56
0,2.15,3.01
0,7.6,3.32
0,5.45,2.46
0,0.9,4.49
0,16,-0.08
0,17.1,2.45
0,9.35,3.49
0,11.95,1.56
0,0.95,5.35
0,18.05,2.61
0,22.5,0.98
0,2,4.14
0,4.15,4.22
0,14.15,3.23
0,5.7,4.53
0,12.05,3.64
0,19.6,1.22
0,21.3,0.99
0,15.3,1.08
0,2.8,3.99
0,4.15,4.49
0,7.25,2.48
0,12.7,3.05
0,7.3,2.89
0,3.7,3.66
0,18.05,1.32
0,5.55,3.62
0,20.9,1.75
0,2.4,5.14
0,14,3.17
0,11.6,2.69
0,11.15,3.13
0,10.85,2.76
0,4.5,3.54
0,10.75,1.65
0,15.4,2.71
0,2.3,5.22
0,11.95,2.21
0,-3.25,5.64
0,14.25,2.22
0,16.35,1.52
0,14.75,2.48
0,19.15,3.24
0,31.5,-0.13
0,9.25,2.33
0,0.35,5.81
0,17.5,1.87
0,-2.85,5.32
0,6.15,5.01
0,11.15,1.53
0,-4.65,5.38
0,11.6,3.92
0,7.55,4.53
0,-0.8,6.16
0,7.55,4.29
0,12.25,2.88
0,8.35,1.98
0,11.25,3.46
0,6,2.98
0,8,3.41
0,8.95,2.98
0,11.8,1.9
0,-3.3,4.76
0,16.6,3.39
0,3.3,4.2
0,8.05,4.02
0,25.35,-0.01
0,8.95,2.85
0,25.05,1.18
0,11.1,3.02
0,26.35,0.75
0,11.15,1.95
0,19.85,2.38
0,12.6,3.76
0,19.4,-0.83
0,17.9,1.8
0,19.3,1.16
0,5.6,3.68
0,9.3,2
0,-0.55,5.22
0,12.95,3.34
0,15.15,3.72
0,24.75,1.28
0,10.1,3.57
0,3.95,3.87
0,8.1,3.39
0,13.95,1.52
0,2.35,2.04
0,8.45,3.53
0,13.45,1.46
0,9.05,3.4
0,12.6,2.69
0,11.35,2.26
0,4.3,3.17
0,11,3.36
0,9.4,3.39
0,8.85,4.14
0,19.9,0.35
0,9.2,3.67
0,19.2,2.5
0,15.55,1.2
0,-2.9,4.71
0,11.3,1.8
0,6.9,3.1
0,24.7,-0.2
0,2.55,5.76
0,23.85,1.46
0,1.75,3.99
0,-2.7,4.17
0,3.3,5
0,4.45,4.15
0,20.95,1.62
0,6.2,3.16
0,4.8,3.32
0,12.75,2.62
0,1.85,5.53
0,8.5,3.53
0,24.1,1.62
0,21.3,0.11
0,-5.1,5.75
0,4.85,3.85
0,10.8,3.18
0,1.95,5.07
0,11.75,2.83
0,4.15,4.87
0,9.9,2.96
0,11.75,2.56
0,10.7,2.83
0,9.75,4.08
0,12.2,1.21
0,20,1.35
0,19.85,0.88
0,-7.5,6.14
0,6.8,2.87
0,4.8,2.94
0,14.55,2.93
0,2.1,3.46
0,8.35,2.55
1,-5.9,1.22
1,5.85,0.53
1,6.8,0.03
1,3.45,0.99
1,3.85,-0.38
1,-1.2,0.11
1,-1,-1.07
1,6.3,1.03
1,-0.5,1.98
1,2.2,1.8
1,7.85,0.16
1,-0.15,1.56
1,5.4,-0.23
1,-1.4,1.59
1,0,-0.16
1,2.35,1.26
1,1.2,1.38
1,0.95,0.04
1,0.3,-1.48
1,7.5,0.4
1,1.9,-0.41
1,2.35,0.85
1,16.55,1.8
1,5.05,0.17
1,-8.35,2.34
1,-3.25,0.99
1,6.35,-0.77
1,-7.55,1.54
1,1.8,1.52
1,-1.7,0.84
1,1.15,0.56
1,6.45,0.62
1,-4.5,-0.14
1,11.7,0.35
1,1.55,0.66
1,11.75,-1.78
1,-0.85,-1.27
1,2.8,0.03
1,7.05,0.02
1,3.95,0.2
1,-0.7,0.92
1,13.85,0.93
1,-9.8,-0.86
1,-5.5,2.15
1,3.35,1.28
1,-2.25,0.43
1,0.3,-0.63
1,-5.55,-0.07
1,3.85,1.29
1,-0.5,-1.29
1,-0.25,1.68
1,7.2,-0.66
1,2.05,-0.36
1,5.6,0.25
1,3.1,0.25
1,6.65,0.06
1,2.2,-0.52
1,1.4,0.27
1,-4,2.23
1,-7.4,-0.66
1,6.5,-0.44
1,7.2,0.26
1,-3.8,-1.08
1,7.95,1.12
1,4.75,0.68
1,-4.3,1.69
1,5.65,-0.63
1,-0.8,0.14
1,-0.35,-1.15
1,-9.45,0.11
1,-6.4,0.23
1,13,-0.03
1,7.85,1.04
1,-0.4,1.45
1,4.3,0.49
1,8.9,1.09
1,17.45,0.14
1,1.25,1.29
1,-2.55,1.04
1,7.05,0.11
1,8.5,2.47
1,-4.1,1
1,5.25,0.59
1,-2.35,2.2
1,8.2,1.36
1,8.8,2.13
1,-5,-0.16
1,-0.9,-0.27
1,-2.85,0.15
1,-0.75,1.81
1,3.05,1.2
1,13.15,-0.54
1,4.85,-0.05
1,6.8,-1.05
1,5.25,-0.39
1,1.15,0.95
1,10.45,0.32
1,4.7,1.15
1,-5.7,-2
1,-1.9,1.17
1,1.45,2.14
1,-1.4,0.16
1,8.95,1.34
1,-0.15,-0.01
1,4.15,0.48
1,-0.8,-0.67
1,-1.95,-0.9
1,4.55,-0.87
1,-3.4,2.06
1,13.3,2.8
1,-0.7,-0.91
1,9.1,-0.94
1,3.5,1.63
1,4.8,-0.82
1,1.15,1.6
1,4.15,0.63
1,0.65,0.7
1,9.7,0.54
1,10.2,1.17
1,5.1,-0.01
1,-1.7,0.26
1,2.45,1.45
1,9.65,0.22
1,-4.75,-0.54
1,12.4,-0.2
1,-5.05,0.3
1,2.75,0.42
1,-9.2,-0.56
1,1.65,-1.57
1,10.25,-0.88
1,-0.7,-0.21
1,7.4,1.06
1,1.95,0.03
1,2.85,1.83
1,4.3,-0.04
1,8.15,0.07
1,0.05,0.5
1,15.65,3.13
1,3.1,1.44
1,2.65,0.52
1,1,-0.89
1,-6.2,-0.62
1,5.5,2.1
1,5.35,-1.25
1,1,-1.09
1,9.6,0.2
1,-3.3,1.24
1,3,1.61
1,5.7,-0.23
1,-0.25,-0.61
1,7.25,1.9
1,-2.65,0.43
1,-1.9,-0.8
1,-0.05,1.74
1,13.45,1.56
1,0.55,-0.05
1,2.7,0.06
1,8.35,-0.38
1,5.65,-1.5
1,1,2.12
1,0.15,0.29
1,0.5,-0.89
1,6.1,0.35
1,0.3,2.28
1,-6.3,1.51
1,10.9,0.34
1,-1.9,2.2
1,-2.25,0.75
1,-2.4,2.33
1,3.45,1.09
1,1,2.21
1,4.7,0.54
1,3.1,-0.03
1,3.85,0.17
1,3.25,3.83
1,-0.1,-0.24
1,7.05,-0.01
1,0.7,-2.01
1,5.7,-0.82
1,4.65,1.1
1,6.25,0.26
1,-2.2,0.97
1,8.2,-0.73
1,-6.5,-0.61
1,-1.2,2.13
1,-11.8,0.27
1,0.9,-0.08
1,-1.25,-0.5
1,8.9,0.94
1,-1.6,-0.18
1,-0.95,1.22
1,2.15,0.74
1,-0.7,-0.45
1,8.3,0.29
1,7.6,0.94
1,-1.45,1.81
1,3.35,1.25
1,-1.9,0.36
1,4.15,0.69
1,2.05,-0.44
1,6.55,-0.16
1,-0.8,0.13
1,6.9,1.24
1,-0.2,0.65
1,0.05,-0.57
1,0.95,1.38
1,3.6,0.53
1,11.5,-0.83
1,-0.35,-0.34
1,-4.5,1.76
1,9.65,0.07
1,-6.55,1.95
1,-1.45,1.59
1,8.15,0.49
1,-6.55,0.57
1,5.1,2.34
1,1.1,0.44
1,6.75,0.51
1,5.9,2.03
1,2.85,1.65
1,4.2,0.33
1,5.25,0.01
1,7.2,0.35
1,5,-1.59
1,6.7,-0.48
1,-2.1,0.79
1,8.75,1.67
1,2.25,1.71
1,13.7,-0.19
1,1.5,-0.65
1,0.05,-0.36
1,-2.55,2.1
1,7.8,-0.5
1,2.1,1.93
1,4.2,1.86
1,-5.6,0.89
1,5.4,-0.27
1,10.4,0.99
1,-8.5,-0.91
1,8.7,0.53
1,8.55,0.4
1,4.75,-0.9
1,-0.25,0.17
1,8.15,0.04
1,3.1,0.51
1,-0.75,1.65
1,9.55,0.8
1,5.4,1.22
1,-3.85,1.75
1,-7.4,-0.51
1,-0.4,0.9
1,4.15,-0.09
1,-4.15,1.06
1,-0.7,1.11
1,5.1,1.75
1,-2.95,-0.27
1,4.35,-0.62
1,-0.85,0.42
1,1.05,1.26
1,-1,1.01
1,-0.5,-0.47
1,10.8,0.41
1,1.7,-0.12
1,0.45,1.55
1,-1.1,-0.4
1,0.45,-1.09
1,4.05,-0.17
1,13.7,1.32
1,-2.65,2.51
1,2.6,-0.14
1,-1.3,0.63
1,2.15,1.39
1,2.9,0.64
1,-3.65,-0.31
1,0.25,2.14
1,-6.35,-0.54
1,0.45,0.24
1,0.65,-0.87
1,15,1.53
1,-7.4,0.39
1,11.5,1.01
1,4.3,1.04
1,1.9,-0.47
1,6.35,2.84
1,-4.7,0.8
1,5.4,1.5
1,3.05,1.19
1,13.05,0.64
1,-4.5,-1.22
1,-1.5,1.15
1,5.75,1.28
1,0.55,-1.13
1,7.7,0.72
1,0.05,1.42
1,5.7,-0.07
1,5.35,0.77
1,2.45,-1.64
1,-2.6,-0.1
1,8.1,0.6
1,3.55,-0.25
1,-3.9,1.09
1,5.75,-0.17
1,-1.5,-0.28
1,1.25,1.46
1,3.65,-0.87
1,2.85,1.58
1,3.95,1.06
1,8.4,0.11
1,1.65,0.32
1,2.55,0.38
1,2.9,1.68
1,-3.75,-0.28
1,-0.35,0.12
1,-1.7,-0.94
1,1.65,-0.01
1,2.65,0.05
1,4,-0.37
1,-3.55,0.49
1,8.45,-0.47
1,2.1,1.3
1,0.9,1.37
1,1.65,1.9
1,-8.55,-0.84
1,1.05,0.99
1,7.4,1.54
1,8.85,1.85
1,6.6,0.83
1,-1.5,1.22
1,6.05,-1.15
1,2.25,0.84
1,4.65,-0.58
1,0.2,1.08
1,3.95,0.23
1,1.85,0.5
1,-6.6,0.86
1,9.15,-1.56
1,3,0.49
1,6.3,-0.07
1,1.2,0.91
1,2.2,1.61
1,9.2,0.1
1,4.95,0
1,8.75,-1.33
1,-0.95,3.54
1,5.5,1.31
1,7.05,0.24
1,0.65,0.75
1,4.15,0.39
1,-7.15,1.46
1,-0.4,1.45
1,2.35,0.48
1,-0.35,-1.09
1,0.45,1.43
1,-6.55,1.31
1,3.35,-0.01
1,5.45,-0.23
1,-2.05,0.28
1,4.85,0.7
1,4.5,2.24
1,8.3,2.42
1,15.65,-1.17
1,-1,0.47
1,9.95,1.31
1,10.45,1.04
1,-1.2,0.13
1,1.35,-0.03
1,1,0.46
1,-2.7,1.55
1,4.4,0.22
1,0.7,0.27
1,3.45,1.2
1,2.25,0.15
1,-0.7,-0.01
1,5.2,1.62
1,8.65,-0.16
1,-4.85,1.81
1,2.7,1.72
1,6.05,1.59
1,3.95,-0.11
1,-15.4,-0.15
1,2.05,-0.88
1,-0.4,-0.04
1,4.75,0.42
1,13.6,1.32
1,-0.65,-0.17
1,5.4,0.56
1,6.2,1.21
1,-1.75,0.92
1,5.5,-0.67
1,2.1,0.41
1,-12.35,-0.08
1,7.2,-1.23
1,2.35,0.2
1,-0.2,-1.11
1,3.6,1.12
1,7.85,0.14
1,6.6,1
1,1.3,1.37
1,5.7,0.33
1,-9.35,2.14
1,7.2,1.21
1,0.1,0.04
1,7.65,1.94
1,3.15,1.48
1,10.1,1.5
1,6.6,-1.12
1,9.4,-0.2
1,3.1,0.15
1,2.05,-1.19
1,-2.2,0.42
1,6.4,1.7
1,-1.75,0.66
1,7.8,0.4
1,5.95,-0.5
1,-0.25,1.67
1,-7.25,0.1
1,2.8,-1.49
1,7.5,0.73
1,6.95,0.25
1,7.15,0.51
1,-2.7,-0.39
1,6.9,1.15
1,3.05,0.48
1,1.55,-0.13
1,9.45,1.18
1,-4.4,-1.08
1,7.15,0.56
1,0.65,1.03
1,-6.9,0.28
1,5.6,-1.58
1,3.15,0.35
1,-4.2,-0.78
1,11.5,-0.56
1,5.9,1.23
1,10.2,-0.36
1,-1.65,-1.47
1,-3.9,0
1,4.4,1.04
1,-0.4,-0.04
1,-4.35,1.3
1,6,0.74
1,7.9,0.67
1,12.9,0.87
1,10.15,1.73
1,17,-2.07
1,-2.65,2.08
1,11,0.26
1,-14.3,0.13
1,9.45,0.29
1,10.85,1.68
1,-1.95,-1.08
1,7.25,1.6
1,0.7,-1.39
1,4.95,1.2
1,1.05,-0.09
1,-3.65,3.52
1,10.55,0.6
1,2.45,-0.83
1,-0.05,-0.48
1,-4.15,1.26
1,5.9,0.2
1,-0.1,0.08
1,-0.75,0.71
1,7.15,0.34
1,3.55,0.25
1,3.05,0.41
1,10.1,0.24
1,2.2,0.54
1,-0.35,-0.71
1,-7.3,-0.65
1,3.5,0.9
1,-0.25,0.37
1,15.8,1.33
1,-5.25,2.18
1,13.3,-0.63
1,2.5,0.12
1,-7.25,-0.04
1,4.05,-0.03
1,0.35,0.72
1,3.4,-0.5
1,6.25,1.83
1,5.85,0.31
1,4.2,-0.87
1,11.95,-0.07
1,2.25,-0.81
1,8.95,1.08
1,-1.3,2.93
1,-2.45,2.33
1,3.9,1.71
1,6.8,0.08
1,4.9,0.82
1,-2.15,-0.99
1,4.4,-0.3
1,5.45,0.03
1,1.3,0.88
1,7.4,-1.15
1,-0.45,0.82
1,11.2,1.71
1,3.45,0.69
1,2.15,1.26
1,2.2,-0.5
1,-0.2,0.4
1,-10.9,-0.86
1,-0.05,0.66
1,-4.05,-0.96
1,10.4,-0.11
1,-7.3,2.05
1,2.85,0.96
1,2.95,0.46
1,5,-0.37
1,7.8,-0.04
1,-3.25,0.66
1,1.65,1.66
1,-4.2,-0.16
1,5.3,1.03
1,4.9,-0.08
1,-0.2,1.48
1,8.15,2.22
1,5.85,-0.65
1,0.9,0.7
1,7.05,-0.07
1,3.75,-0.25
1,2.4,0.09
1,4.15,-1.07
1,-0.85,1.02
1,3.1,-0.32
1,3.65,0.71
1,3.6,0.79
1,7.05,0.25
1,1.2,-0.58
1,5.65,-0.8
1,-4.1,2.14
1,2.35,0.52
1,-1.25,0.56
1,4.7,1.88
1,5.55,0.63
1,2.45,1.68
1,5,1.04
1,0.05,-0.26
1,0.55,0.46
1,-13.05,1.47
1,12.05,0.22
1,5.7,0.31
1,7.05,1.52
1,4.9,0.91
1,9.75,-0.76
1,0.55,0.79
1,10.95,0.9
1,7.9,2.06
1,1.55,-0.62
1,2.35,2.56
1,7.05,1.11
1,10.8,2.1
1,7.6,0.42
1,9.55,0.67
1,0.35,-3.3
1,-1,0.14
1,-10.6,0.67
1,-1.05,1.13
1,10.55,1.22
1,1.55,-1.24
1,-3.85,-0.6
1,10.95,-0.33
1,1.8,0.26
1,6.95,0.82
1,-4.95,1.81
1,-5.95,1.56
1,0.9,0.14
1,0.2,2.11
1,8.4,-0.01
1,1.4,-1.04
1,-0.05,1.35
1,4,-0.3
1,5.05,-0.98
1,4.05,0.22
1,-5.9,-0.64
1,4.3,0.12
1,4.3,1.34
1,6.9,1.05
1,2.85,1.56
1,-3.75,-0.93
1,7.5,0.8
1,-2.9,0.45
1,8.95,-0.2
1,4.15,-0.8
1,2.5,-0.07
1,-1.5,-0.07
1,1,-0.5
1,1.05,-0.09
1,-1.75,-1.9
1,6.35,-1.02
1,-1.75,0.89
1,0.05,0.71
1,-1.55,-0.2
1,-5.8,1.22
1,9.05,-0.76
1,4.05,0.31
1,7.8,1.78
1,-1.5,1.36
1,-1.65,1.43
1,-0.95,0.69
1,-3.65,-1.07
1,-9.65,-0.67
1,3.45,0.6
1,9.6,0.92
1,7.7,0.86
1,-5.45,0.43
1,-5.2,-0.62
1,6.6,1.01
1,7.15,0.52
1,-0.2,0.9
1,4.3,-1.17
1,2.1,1.24
1,10.2,1.77
1,12.5,0.72
1,-4.1,0.68
1,-3.9,-1.01
1,2.35,0.48
1,2,1.07
1,5.25,0.63
1,-3.65,2.15
1,7.2,-0.65
1,15.6,2.88
1,2.8,-0.09
1,-2.4,-0.88
1,2.05,-0.26
1,-1.9,0.03
1,0.6,-1.13
1,-1.7,2.58
1,11.8,0.43
1,-10.05,-1.69
1,5.15,-0.35
1,0.95,2.1
1,5.8,1.17
1,-1.35,1.56
1,3.65,1.07
1,-0.15,1.08
1,7.05,0.34
1,5.85,-0.36
1,8.3,0.57
1,-0.1,-0.49
1,3.85,0.55
1,4.8,0.04
1,4.3,1.75
1,8,-0.82
1,5.05,1.71
1,-1.7,0.5
1,3.75,-0.24
1,1.6,1.12
1,1.75,0.22
1,-7.55,0.3
1,2.9,0.7
1,4.3,0.46
1,2.05,-0.41
1,-8.45,-1.64
1,3.05,-0.47
1,3.75,-0.57
1,8.4,0.37
1,-2.75,-0.89
1,0.25,-0.35
1,5.3,1.02
1,-2.05,2.44
1,-7.05,-0.03
1,-5.45,3.21
1,-7.25,-0.71
1,-2.45,1
1,5.75,2.62
1,3.4,1.27
1,-0.6,-0.08
1,-6.05,1.04
1,6.4,-0.95
1,3.9,0.65
1,-6.15,0.71
1,4.9,-1.17
1,4.5,-0.02
1,-2.1,1.37
1,0.6,-0.55
1,-2.65,2.87
1,-4.45,3.12
1,5,-0.48
1,5.85,1.32
1,-2.5,1.14
1,2.45,0.91
1,3.45,-0.12
1,-6.35,0.86
1,3.15,-0.38
1,2.25,0.09
1,-1.15,1.57
1,2.7,0.81
1,4.1,2.1
1,4.1,1.92
1,11.6,0.47
1,10.15,1.11
1,3.6,-0.46
1,11.55,1.3
1,4.1,1.72
1,5.85,-0.32
1,5.45,0.84
1,4.95,0.92
1,-0.4,1.61
1,8.5,-0.9
1,3.45,1.25
1,10.9,1.23
1,-7.95,1.51
1,4.25,1.8
1,2.35,0.14
1,-2.5,-0.16
1,-4,-0.86
1,-1.35,0.4
1,-0.6,1.2
1,7.85,-0.22
1,-3.9,-0.5
1,2,1.87
1,1.85,-0.02
1,5.3,-0.88
1,10.8,0.67
1,6.35,0.24
1,20.65,-0.54
1,4.7,-2.47
1,12.25,-1.05
1,0.95,-0.11
1,4.3,-0.31
1,4.3,0.02
1,-1.05,-1.24
1,1.4,2.51
1,7.1,0.59
1,2.95,0.89
1,4.4,-1.43
1,-1.7,3.99
1,-0.65,1.18
1,-4.05,0.66
1,8.4,-0.02
1,-2,0.81
1,-2.2,-0.7
1,0.6,-0.15
1,6.3,-0.38
1,9.6,-1.33
1,2.55,1.5
1,1.05,-0.12
1,-5,-0.09
1,12.85,-0.15
1,4.8,-0.25
1,9.3,0.11
1,2.05,1.1
1,0.6,-0.89
1,6.7,-0.21
1,5.25,2.18
1,2.75,0.89
1,4.7,0.1
1,-0.2,-0.86
1,2.1,0.23
1,4.85,-0.07
1,3.1,-1.68
1,1.1,0.44
1,-0.5,0.86
1,-4.4,-0.58
1,-2.85,-0.18
1,8.25,0.94
1,8.4,-1.23
1,3.1,2.3
1,4.8,1.51
1,-5.55,0.91
1,8.8,1.63
1,2.85,0.27
1,5.15,0.64
1,11.2,0.61
1,-2.65,0.11
1,1.4,1.23
1,2.7,0.94
1,15.45,1.62
1,6.4,1.9
1,10.45,1.16
1,-1.4,-0.2
1,4.6,1.34
1,0.15,0.2
1,3.7,0.26
1,-1.3,0.5
1,-7.45,2.68
1,0.25,1.55
1,-3.3,0.23
1,6.5,-0.49
1,1.75,0.5
1,3.95,0.27
1,0.65,0
1,1.8,-0.05
1,-7.1,1.52
1,4.8,1.78
1,1.4,0.95
1,-3.2,-0.35
1,0.65,1.37
1,-0.6,0.29
1,6.05,1.57
1,3.15,0.31
1,2.1,-0.02
1,-2.5,1.3
1,-12.1,0.56
1,6.45,0.18
1,-2.4,0.19
1,4.15,1.8
1,1.75,0.88
1,10.4,0.39
1,-2,-0.13
1,7.55,-0.63
1,5.75,-1.14
1,6.45,0.5
1,0.95,-0.51
1,2.65,-0.92
1,3.45,-0.3
1,-5.7,1.41
1,9.1,-0.86
1,4.35,0.13
1,-5.6,-0.81
1,5.95,2.76
1,-1.25,-0.42
1,4.55,3.3
1,2.35,-0.81
1,5.05,-2.18
1,6.4,-1.48
1,0,-0.03
1,2.2,1.82
1,9.9,-0.88
1,-4.15,0.17
1,-5.15,0.55
1,-8.1,0.07
1,4.3,-1.19
1,3.65,0.65
1,-2.3,-0.39
1,3.75,-0.16
1,3.6,-0.03
1,-1.5,-0.8
1,11.4,0.56
1,6.3,-0.04
1,6.05,0.84
1,5.3,-0.27
1,7.65,0.39
1,-0.3,-0.56
1,5.15,0.33
1,-2.6,0.97
1,6,-0.8
1,7.8,-0.44
1,2.25,1.01
1,1.8,-0.89
1,6.5,1.21
1,5.9,-0.35
1,3.3,-0.1
1,0.85,0.31
1,12.05,0.77
1,7.5,1.46
1,6.3,0.66
1,-4.9,0.29
1,6.35,0.17
1,0.65,-1.44
1,7.9,1.3
1,1.85,-0.65
1,6.4,-0.26
1,9.4,1.35
1,-6.3,-1.48
1,20.9,0.16
1,4.45,0.89
1,-0.15,0.33
1,10.35,1.12
1,6,1.43
1,8.55,0.1
1,-0.85,0.17
1,0.15,0.27
1,5.85,-0.12
1,-3.15,0.79
1,5.6,2.21
1,16.4,1.13
1,-1,0.12
1,12.05,1.25
1,0.25,1.49
1,8.65,1.66
1,1.4,-0.08
1,-0.15,1.18
1,2.25,-0.18
1,13.75,0.69
1,3.4,2.29
1,19.45,1.52
1,-0.6,-0.34
1,7.65,-0.36
1,1.85,1.42
1,-4.35,-0.62
1,6.55,-1.19
1,4.65,0.72
1,5.6,-0.28
1,1.25,0.63
1,13.4,0.76
1,5.75,0.43
1,8.7,0.66
1,-2.2,0.18
1,3.85,0.33
1,5.1,0.67
1,6.05,0.27
1,4.5,1.47
1,3.9,-0.88
1,2.05,0.64
1,3,1.29
1,-1.85,1.07
1,-0.15,0.15
1,5.8,-0.18
1,-1.4,1
1,-0.15,-1.34
1,-4.75,1.63
1,6.9,1.23
1,6.8,0.73
1,-8.15,-0.78
1,-0.25,1.46
1,10.3,-0.18
1,3.55,-0.04
1,3.7,0.37
1,-13.25,-0.08
1,8.9,0.66
1,7.95,0.45
1,11.9,0.78
1,-4.05,-0.62
1,8.85,-0.01
1,3.35,1.3
1,-0.6,2.46
1,1.1,0.9
1,6.8,0.59
1,5.45,0.66
1,9.2,1.31
1,-2.8,2.04
1,3.15,-0.58
1,4.5,0.9
1,-1.05,-0.8
1,1.5,-0.8
1,10.3,-0.5
1,-0.4,-0.77
1,-2.65,1.8
1,-0.95,1.33
1,11.45,1.08
1,-0.35,0.39
1,-2.35,2.71
1,0.15,0.83
1,-9.4,0.75
1,2.45,0.18
1,4.15,0.68
1,-1.3,-0.22
1,2.6,-0.24
1,0.15,0.01
1,-0.35,-1.29
1,-4.35,-0.14
1,9.2,0.82
1,2.7,1.99
1,4.15,1.04
1,-0.4,1.14
1,-2.4,1.05
1,-3.15,1.54
1,-3.4,-0.61
1,0.2,0.82
1,5.05,-0.35
1,6.85,0.71
1,11.95,-0.81
1,-2.3,-0.57
1,2.8,1.49
1,14.5,0.74
1,2.9,-0.52
1,3.6,0.11
1,4.05,0.91
1,9.8,0.27
1,1.3,-0.59
1,-0.85,0.39
1,7.75,0.97
1,12.65,1.5
1,-0.25,1.3
1,6.6,-0.03
1,2.05,0.17
1,0.8,-1.26
1,-4.25,-0.72
1,-2.45,0.94
1,7.75,-0.67
1,-3.1,-0.8
1,-5.95,-0.2
1,4.45,0.78
1,5.6,-0.33
1,-5.1,0.86
1,3.75,0.63
1,-2.85,-1.18
1,8.9,-0.26
1,-3.4,0.87
1,4.45,0.2
1,2.5,-0.15
1,-6.35,0.21
1,6.8,-0.05
1,-1.55,1.4
1,-1.95,-0.46
1,-1.05,-1.25
1,0.9,2.78
1,2.45,1.15
1,3.55,2.45
1,9.3,0.23
1,0.8,0.98
1,0.25,0.04
1,6.7,-0.69
1,7.15,-0.24
1,-2.35,-0.58
1,-3.6,0.99
1,1.5,1.35
1,2.4,-0.73
1,1,1.88
1,1.7,-0.1
1,5.9,1.08
1,10.8,0.23
1,2.25,-0.03
1,-7.05,1.64
1,11.25,1.14
1,2.45,-0.48
1,-0.4,0.7
1,0.5,-0.08
1,2.35,2.17
1,8.05,2.23
1,2.95,0.44
1,11,1.31
1,-2.65,2.02
1,2.3,0.78
1,8.25,-2.03
1,-0.4,-1.41
1,4,-0.15
1,-1.95,-0.16
1,-1.25,-0.43
1,9.4,2.66
1,2.4,1.23
1,1.75,2.11
1,10.1,-0.49
1,9.75,0.92
1,7.55,1.65
1,4,0.98
1,2.15,1.01
1,-1.45,-0.63
1,2.05,-0.07
1,2.3,0.87
1,5.6,-0.74
1,3.1,0.28
1,-2.95,0.75
1,6.45,1.76
1,11.8,0.37
1,6.25,0.87
1,7,0.82
1,6.25,1.37
1,6.55,1.55
1,5.2,0.97
1,5.6,1.51
1,2.9,0.12
1,-4.95,-0.55
1,3.6,2.05
1,8.95,1.09
1,-0.25,1.89
1,-9.55,0.82
1,4.95,0.53
1,3.05,0.9
1,5.75,0.06
1,4.8,2.42
1,6.7,0.02
1,7.5,0.65
1,7.5,-0.27
1,-5.4,-0.01
1,-3.1,0.07
1,2.2,3.01
1,3.45,-0.17
1,4.35,0.32
1,6.8,2.08
1,11.45,0
1,7.15,1.37
1,5,1.05
1,-6.25,-0.59
1,0.05,-1.36
1,2.7,-0.08
1,-3.5,-0.15
1,-4.5,-0.1
1,2.05,1.1
1,8.1,0.97
1,1.65,1.07
1,4.9,1.32
1,3.6,-0.28
1,2.65,0.56
1,-5.2,0.79
1,5,0.78
1,-1.85,2.88
1,-5,0.73
1,-0.85,0.49
1,-8.25,1.68
1,11.3,0.46
1,5.9,0.3
1,7.95,1.29
1,-1.05,0.01
1,12.3,1.36
1,6.75,0.39
1,9.6,2.79
1,-10.25,1.35
1,1.9,0.78
1,5.65,0.56
1,9.35,-0.01
1,-4.15,0.67
1,-7.7,-1.1
1,-4.45,-0.15
1,7,-0.59
1,-2.15,1.41
1,7.5,-0.52
1,7.65,1.16
1,2.85,-0.98
1,-4.15,-0.87
1,6.7,-0.05
1,4.85,-0.1
1,-1,-0.36
1,-3.15,1.27
1,1.05,1.49
1,-0.6,0.59
1,2.1,-0.83
1,0.65,-0.34
1,6.3,0.85
1,-1.85,0.46
1,4.6,-0.52
1,3.65,0.37
1,2.55,0.16
1,0.65,-1.08
1,8.1,-0.56
1,6.05,-1.63
1,-1.75,-1.52
1,11,1.22
1,-5.35,-0.58
1,-1.05,1.49
1,2.05,1.25
1,4.55,0.79
1,3.2,0.74
1,2.45,0.61
1,6.75,1.94
1,4.7,-0.54
1,0.25,0.98
1,4.6,1.45
1,2.05,0.43
1,3.65,1.74
1,7.35,1.23
1,-0.6,-0.77
1,-1.8,0.16
1,4,0.76
1,1.75,1.17
1,0.55,-0.56
1,11.3,-0.81
1,12.75,0.16
1,5.15,-0.03
1,-4.35,0.63
1,3.35,0.28
1,5.8,0.63
1,-2.9,0.84
1,1.8,0.97
1,1.15,0.88
1,0.3,0.38
1,-3.75,1.11
1,9.15,0.18
1,-0.5,-0.5
1,-1.3,-1.22
1,2,-1.22
1,9.15,1.29
1,-2.65,2.1
1,-1.85,-0.02
1,2.85,0.42
1,-1.7,0.09
1,3.05,0.39
1,7.05,-0.47
1,7.65,1.37
1,8.75,-0.22
1,-5.7,-0.6
1,7.3,0.34
1,7.1,-0.38
1,0.3,0.76
1,6.75,2.58
1,-1.05,0.3
1,7.55,-0.17
1,9.5,0.07
1,-4.3,2.17
1,5.45,1.51
1,0.35,0.85
1,-4.55,0.11
1,-5.35,-0.84
1,4.85,1.12
1,7.95,0.94
1,10.6,2.54
1,2.45,0.54
1,10.15,0.95
1,2.15,0.8
1,-9.8,2.44
1,6.6,-0.31
1,4.65,0.62
1,10.35,1.03
1,10.1,-0.16
1,-0.4,0.74
1,2,0.37
1,-6.95,-0.99
1,3.25,1.45
1,13.95,0.36
1,2.85,1.21
1,8.7,1
1,5.3,-1.44
1,14.65,0.85
1,-2.4,0.97
1,2,0.22
1,4.55,0.8
1,8.3,-0.48
1,-3.3,0.45
1,8.2,1.27
1,2.85,2.4
1,-3.05,0.55
1,-0.65,-0.61
1,1.25,0.56
1,12.65,0.17
1,5.9,-0.31
1,2.55,1.38
1,-2,0.52
1,0.65,0.15
1,4.05,0.83
1,-1.45,-0.47
1,2.4,0.84
1,2.6,-0.23
1,3.3,2.62
1,1.9,1.79
1,8.55,-1.14
1,0.55,1.97
1,-0.6,1.35
1,-0.7,1.4
1,1.2,0.47
1,19.8,-0.78
1,7.55,1.71
1,-0.45,-1.9
1,9.5,0.6
1,-3.05,0.6
1,-5.85,1.3
1,4,0.97
1,8.45,-1.76
1,-3.45,1.42
1,7.8,0.37
1,4.3,0.98
1,6.85,1.11
1,2.05,0.16
1,0.85,-0.84
1,-6.2,1.14
1,9.85,-0.32
1,-6.05,-0.04
1,2.5,-0.52
1,3.2,0.92
1,2.4,1.43
1,4.05,2.21
1,0.85,-1.66
1,-3.3,1.02
1,3.8,0.86
1,1.55,2.6
1,7.55,0.44
1,7.7,-0.34
1,0.7,-0.27
1,4.8,2.58
1,4.15,0.03
1,4.1,0.27
1,-7.45,-0.46
1,2.65,2.7
1,-1.5,0.29
1,-1.75,-0.13
1,-3.3,1.86
1,3.6,-0.92
1,5.7,0.88
1,0.2,-0.2
1,-3.05,1.38
1,3.9,0.28
1,8.1,-1.95
1,6.15,0.01
1,2.55,0.6
1,3.05,0.35
1,-1.6,1.54
1,-0.95,1.58
1,2.85,2.13
1,-1.35,-1.73
1,-4.75,-0.3
1,5.3,-0.05
1,-6.75,0.17
1,-6.4,0.04
1,-5.8,0.51
1,-1.4,0.13
1,-1.3,1.71
1,4.3,2.1
1,-6.65,0.23
1,3.1,1.74
1,6.25,-0.98
1,8.05,0.96
1,3.85,-0.71
1,-2.4,0.48
1,4.45,1.91
1,5.95,0.44
1,3.85,0.19
1,-0.75,0.25
1,-0.6,1.49
1,2.7,1.66
1,-8.95,0.95
1,-0.55,0.76
1,-1.55,-0.17
1,3.6,2.74
1,0,1.05
1,0.8,0.4
1,-7.8,-1.18
1,6.5,-0.63
1,7.7,1.14
1,7.45,0.5
1,11.7,0.75
1,10.9,0.17
1,-2.2,0.16
1,5.8,-0.08
1,2.15,-0.16
1,4.4,0.34
1,-1.5,0.57
1,4.9,0.16
1,3.65,0.38
1,7.3,0.89
1,5.3,1.47
1,1.95,-1.19
1,-3.75,-0.39
1,4.25,1.29
1,3.5,0.27
1,-0.2,2.31
1,-1.85,0.52
1,1.85,1.37
1,1.4,0.96
1,-2.95,-1.21
1,5.65,0.16
1,3.7,0.18
1,-0.5,1.62
1,7.8,2.16
1,6.25,0.37
1,5.4,-0.34
1,1.75,0.14
1,-3.95,2.73
1,1.25,-0.38
1,1.85,-0.2
1,5.55,0.91
1,-2.8,-0.16
1,8.9,2.07
1,5.9,0.52
1,13.45,-0.1
1,-0.1,0.57
1,8.55,-0.61
1,5.2,0.2
1,-0.8,1.61
1,2.5,-0.33
1,5,1.28
1,4.4,-1.36
1,-4.55,0.06
1,1.25,-0.26
1,6.95,-2.06
1,7.35,0.63
1,5.85,0.23
1,-3.1,0.3
1,0.75,2.58
1,3.15,1.24
1,3.95,1.87
1,2.75,0.03
1,0.5,-1.32
1,4.55,0.98
1,-6.15,2.34
1,6.6,1.78
1,3.1,1.27
1,-5.7,0.54
1,-1.15,-0.38
1,-5.85,-0.65
1,-4.85,-1.95
1,3.3,-0.04
1,-2.85,1.55
1,11.25,-1.44
1,8.9,0.02
1,4.05,0.97
1,-0.55,0.88
1,9.85,0.78
1,4,-0.06
1,-0.1,2.83
1,1.25,0.44
1,-0.7,1.55
1,-3.6,0.92
1,5.05,-0.77
1,5.35,0.64
1,-0.75,2.61
1,-0.15,0.03
1,-3.75,-1.05
1,-1.95,0.98
1,2.25,-0.53
1,-0.35,1.27
1,4.9,0.51
1,0.1,-0.38
1,-0.7,-1.02
1,2.7,1.17
1,-0.7,1.16
1,10.9,1.7
1,2.55,-1.13
1,4.95,0.08
1,11.2,1.29
1,2.6,0.26
1,12.05,-0.52
1,-4.9,-0.47
1,-2.35,-1.42
1,7.15,0.39
1,-0.65,-0.48
1,0.5,0.09
1,-6.4,0.01
1,-3.15,2.2
1,-3.4,1.18
1,11.35,-0.74
1,7.25,0.57
1,7.8,0.92
1,-5.75,0.68
1,-5.85,2.18
1,10.15,0.22
1,6.05,-0.03
1,-7.7,-0.46
1,7.75,-0.81
1,0,-1.39
1,-10.75,-1.47
1,6.05,1.08
1,5.75,-0.6
1,-1.15,2.3
1,-2.6,0.52
1,2.35,2.42
1,0.2,0.88
1,6,1.8
1,4.3,-1.32
1,-1.15,0.26
1,12.2,0.19
1,4.6,-0.72
1,5.6,1.38
1,0.2,0.6
1,5.05,-0.54
1,-1.5,-0.09
1,-7.5,-1.4
1,6.8,0.81
1,4.05,-0.18
1,13.4,-0.28
1,7.95,0.41
1,8.95,-0.16
1,-8.5,0.32
1,5.75,1.1
1,-3.55,0.21
1,9.55,1.46
1,-7.85,0.58
1,6.7,-0.65
1,13.75,1.13
1,-0.7,0.19
1,1.65,0.33
1,11.15,-0.14
1,3.35,0.97
1,-2.8,0.72
1,0,0.8
1,4.3,-1.05
1,-3.55,2.68
1,5.65,0.69
1,-2.35,-0.06
1,7.7,0.11
1,6,0.29
1,0.3,1.42
1,-2.75,-0.24
1,9.3,-0.92
1,-4.75,-0.47
1,-4.3,1.2
1,4.55,0.79
1,4.3,1.09
1,-5.7,0.02
1,9.15,0.6
1,1.5,1.33
1,-1.35,2.21
1,9.35,0.41
1,10.2,1.11
1,1.05,1.14
1,-2.1,0.99
1,11.35,0.31
1,1.15,0.05
1,5.95,-1.05
1,3.05,0.27
1,4.1,0.6
1,-3.3,-0.71
1,-0.05,0.84
1,5.75,1.04
1,6.2,1.56
1,12.45,-0.19
1,7.05,2.02
1,6.1,0.96
1,3.25,1.83
1,6.85,-1.28
1,2.65,0.6
1,-0.25,1.36
1,3.45,-0.48
1,-1.95,0.48
1,-2.3,0.48
1,-0.05,0.67
1,-0.45,0.62
1,-2.95,1.98
1,6.3,2.14
1,5.4,0.81
1,0.8,0.24
1,6.5,0.42
1,4.8,0.44
1,10.4,0.46
1,-2.15,-1.65
1,6.25,0.23
1,5.55,-1.62
1,-11.6,1
1,-3.75,0.94
1,-6.25,0.14
1,4.8,-0.82
1,14.5,-0.31
1,14.25,-2.77
1,11.95,0.79
1,2.35,1.68
1,9.45,0.01
1,-2.2,-0.34
1,3.4,-0.61
1,-0.8,1.31
1,-3.75,-0.38
1,-5.7,0.17
1,1.45,0.78
1,1.15,1.45
1,7.2,-0.54
1,4.25,-1.05
1,1.8,0.4
1,1.35,0.79
1,1,1.28
1,2.25,-0.3
1,1.9,0.74
1,6.35,-0.05
1,-4.85,1.89
1,-5.95,1.34
1,-2.65,1.07
1,-5.1,0.52
1,-3.3,0.17
1,2.85,0.36
1,-0.3,1.59
1,3,0.71
1,4.9,-1.34
1,3.6,0.56
1,7.3,0.95
1,-3.75,0.37
1,0.4,1.08
1,0.65,0.41
1,-0.95,0.56
1,3.45,1.17
1,2.25,-0.03
1,6.95,2.28
1,4.3,0.4
1,9.2,-0.22
1,-1.7,0.24
1,-8,0.88
1,3.8,-0.95
1,0.6,1.31
1,0.85,1.2
1,-1,0.8
1,2.9,0.3
1,4.2,0.45
1,-4.75,0.83
1,3.2,0.48
1,3.3,1.29
1,-5.65,1.89
1,5.25,-0.2
1,12.05,0.33
1,0.75,0.63
1,-3.05,0.64
1,9.75,-0.28
1,-5.25,-1.06
1,0.35,0.7
1,-5.25,1.48
1,-7.1,2.27
1,2.4,-2.6
1,2.5,0.48
1,4.15,-1.15
1,4.15,-0.81
1,9.1,0.86
1,2.75,0.58
1,-5.25,-0.87
1,7.9,0.57
1,6.45,-1.04
1,2.2,0.35
1,-4.05,-0.38
1,3.4,1.19
1,-7.5,1.31
1,0.7,0.01
1,3.95,0.14
1,4.2,0.15
1,1,0.6
1,2.95,0.72
1,-0.3,-0.16
1,4.9,0.62
1,5.85,1.29
1,-1.75,-0.82
1,11.1,0.25
1,-7.8,0.79
1,3.25,-0.72
1,-6.25,0.6
1,-2.4,1.91
1,0.6,0.55
1,6.4,-0.05
1,0.3,0.91
1,-8.45,0.58
1,2.5,1.66
1,0.05,0.36
1,0.7,-1.7
1,3.6,-0.1
1,6.7,-1.12
1,2.6,0.94
1,-3.55,0.08
1,9.1,1.5
1,-2.5,0.34
1,0.45,1.48
1,6.05,1.11
1,6.7,1.92
1,9.25,1.37
1,11.55,0.18
1,3.9,1.89
1,-1.25,-0.07
1,-0.85,-0.1
1,2.35,-0.73
1,-3.05,2.1
1,3.9,0.66
1,9.9,0.03
1,-7.05,-1.45
1,-2.6,2.36
1,0.3,1.59
1,-3.1,1.16
1,-0.45,0.12
1,-5.95,0.66
1,1.9,1.36
1,7.4,-1.27
1,11.55,0.18
1,3.1,0.39
1,2.7,-0.04
1,3.5,1.88
1,3.9,0.21
1,2,2.13
1,0.65,0.52
1,8.25,1.14
1,10.1,-1.19
1,5.15,1.38
1,2,-0.06
1,-3.65,0.4
1,5.2,1.28
1,6.15,-0.78
1,5.75,0.43
1,4.8,0.29
1,-3.95,0.89
1,14.2,0.39
1,13.1,-0.83
1,6.05,0.38
1,6.95,0.88
1,-1.85,0.05
1,-0.05,-0.55
1,7.95,-1.07
1,3.1,0.11
1,1.45,-1.48
1,4.5,0.77
1,-1.35,0.73
1,-0.15,0.99
1,1.75,-0.8
1,4.45,1.07
1,-1.45,0.99
1,2.2,1.17
1,2.9,0.91
1,6.1,2.07
1,6.1,0.39
1,9.65,0.28
1,9.25,-1.72
1,10.45,0.38
1,-5,-0.2
1,1.65,0.62
1,-1.05,1.26
1,2.1,-0.17
1,3.25,-0.52
1,-6,1.33
1,-5.7,0.65
1,6.85,1.08
1,-2.85,-0.29
1,2.4,0.59
1,1.4,1.58
1,-6.2,-1.17
1,2.8,-1.5
1,7.1,0.77
1,5.75,1.1
1,-3.95,0.48
1,-1.1,1.34
1,-4.6,-0.06
1,13.35,0.08
1,4.05,-1.27
1,3.5,-0.86
1,3.85,1.05
1,5.05,-0.14
1,6.8,0.23
1,0.35,1.13
1,10.65,-0.58
1,3.3,-0.31
1,1.75,-0.36
1,-6.6,-0.72
1,5.5,-1.96
1,-1.55,0.14
1,2.6,-0.69
1,6.2,1.65
1,-1.5,0.27
1,6.35,0.54
1,0.25,1.36
1,-0.6,0.53
1,-5.75,-1.34
1,-1.45,0.16
1,4.15,1.47
1,-0.45,-0.06
1,1.75,1.4
1,0.65,1.02
1,5.1,0.35
1,2.25,0
1,-7.35,-1.53
1,11.7,1.06
1,4.9,0.43
1,-2.15,1.41
1,3.7,-0.58
1,7.35,0.31
1,2.9,0.21
1,-5.45,0.89
1,8.6,0.93
1,8.45,0.91
1,-7.6,0.11
1,2.35,1.3
1,7.65,1.5
1,-1.9,1.28
1,3.7,0.32
1,2.65,-0.1
1,1.6,0.11
1,4.5,0.26
1,4.35,1.36
1,2.5,-0.71
1,1.45,1.39
1,1.1,1.85
1,4.45,-0.18
1,1.8,0.58
1,5.35,-0.1
1,3.4,1.76
1,3.85,0.63
1,-1.45,0.81
1,3.15,-0.26
1,4.55,2.22
1,1.15,-0.06
1,4.95,1.02
1,-1.45,0.91
1,-3,0.97
1,3.55,0.45
1,-2.35,0.18
1,4.65,2
1,6.8,0.17
1,0.8,-0.01
1,6.3,0.63
1,7.2,2.04
1,4.6,1.39
1,3.05,-0.88
1,1.75,-0.5
1,2.5,1.04
1,1.6,2.18
1,-1.45,2.17
1,0.7,0.06
1,5.6,0.46
1,3.55,0.22
1,5.8,2.85
1,-2.25,0.43
1,8.4,0.84
1,8.35,0.97
1,3.8,-0.06
1,3,1.29
1,1.25,1.96
1,5.15,-1.11
1,5.7,3.01
1,7.85,1.7
1,-8.7,1.1
1,7.95,1.27
1,7.2,-0.82
1,1.1,-0.21
1,-0.3,-0.29
1,2.8,0.49
1,4.3,0.84
1,-0.35,1.19
1,-1.25,2.15
1,4.7,-0.78
1,4.1,-0.03
1,4.4,1
1,11.9,0.49
1,3.95,-0.17
1,8.8,0.25
1,3.85,1.28
1,7.15,-0.44
1,2.2,0.5
1,12.65,0.74
1,2,1.51
1,-1.75,-0.64
1,5.1,-1.07
1,-1.35,1.03
1,6.7,-0.21
1,1.65,1.93
1,7.3,1.25
1,1.85,1.67
1,6.5,1.2
1,-4.45,0.4
1,-2.65,0.06
1,0.25,1.34
1,2.85,1.38
1,3.5,0.62
1,-9.55,-0.22
1,12.85,0.44
1,-1.05,0.01
1,-7.4,1.03
1,-1.95,0.36
1,8.1,1.98
1,-6.55,2.13
1,7.4,-0.71
1,-11.45,0.66
1,-4.4,1.02
1,-5.2,-0.51
1,2.85,-0.16
1,2.05,0.47
1,5.15,3.27
1,3.75,1.06
1,-13,1.96
1,-5.3,0.36
1,-1.2,-0.39
1,8.65,0.99
1,7.05,-0.13
1,10.8,-1.13
1,0.3,-0.04
1,-1.45,-0.37
1,12,0.96
1,7.6,0.51
1,2.9,2.01
1,0.1,0.4
1,0.1,-0.01
1,2.1,0.05
1,-5.3,1.64
1,3.7,-0.25
1,8.95,0.89
1,-4.9,0.13
1,3.9,1.45
1,-0.4,0.84
1,-4.8,0.32
1,4.75,0.34
1,2.2,-0.9
1,13.55,2.1
1,-2.8,0.53
1,1.45,0.92
1,4.4,0.99
1,-1.35,-0.92
1,4.65,0.86
1,2.1,2.05
1,6.25,-0.78
1,8,1.38
1,10.05,0.32
1,4.5,-0.11
1,8.4,0.87
1,-1.25,0.18
1,3.75,1.19
1,-0.3,1.03
1,1.6,1.39
1,6.3,1.16
1,3.65,0.14
1,-3.2,-0.22
1,-3.55,1.75
1,-2.4,0.37
1,9.45,1.24
1,-3.9,-0.89
1,-3.35,0.61
1,2.55,-0.44
1,-2.45,1.42
1,-0.05,0.06
1,5.8,0.47
1,-6.3,-0.51
1,9.9,0.48
1,8.55,1.16
1,-8.5,-0.23
1,5.95,-0.52
1,7.5,1.57
1,5.1,-0.37
1,12.1,-0.05
1,6.15,-0.88
1,-9.1,1.81
1,5.35,0.85
1,12.05,0.32
1,-6.45,0.51
1,2.5,-0.36
1,4.55,0.95
1,-8.3,1.5
1,3.65,0.56
1,0.9,1.66
1,3.85,1.01
1,-3.35,0.8
1,-7.05,1.29
1,11.75,1.61
1,14.7,0.61
1,10.4,0.27
1,5.9,1.07
1,-0.6,0.86
1,1.75,1.07
1,7.55,0.43
1,-1.05,0.6
1,8.05,0.28
1,-0.2,1.13
1,-2.25,0.28
1,-5.45,0.42
1,0.7,0.11
1,-0.1,2.75
1,1.4,1.52
1,0.6,0.31
1,-0.9,1.23
1,5.6,1.86
1,4.4,0.39
1,-1.15,0.15
1,8.75,1.92
1,5.45,0.82
1,6.15,0.9
1,-2.4,0.52
1,3.7,1.5
1,-0.8,0.39
1,7.75,0.73
1,-1.95,-0.7
1,1.9,0.91
1,8.2,-1.15
1,3.15,0.18
1,5.15,-1.24
1,4.45,0.17
1,4.9,-1.32
1,1.1,1.33
1,-1.8,0.38
1,13.1,0.1
1,1.25,-0.06
1,2,-0.1
1,16.95,0.06
1,-1.3,0.25
1,5.1,-0.17
1,7.25,1.8
1,-3.6,0.27
1,1.45,1.26
1,4.2,2.09
1,8.35,-0.64
1,4.05,-0.82
1,-0.85,-0.2
1,-5.2,0.73
1,-0.55,1.42
1,11.75,-0.03
1,-0.2,2.2
1,1.6,1.31
1,2.9,0.49
1,12.25,0.73
1,3.2,-0.23
1,5.6,0.81
1,8.1,1.63
1,0.35,1.33
1,6.9,0.65
1,8.4,0.17
1,-4.05,0.73
1,6,-0.67
1,9.55,1.92
1,-2.75,-0.51
1,-1.2,-0.44
1,1.85,0.08
1,10.5,0.12
1,3.7,0.19
1,4.2,1.05
1,-2.6,-1.13
1,-6.55,0.47
1,5.9,-0.39
1,-6.95,2.72
1,-2.2,-1.04
1,3.3,0.13
1,-2.55,0.61
1,6.9,-0.08
1,-1.1,-0.17
1,0.9,2.11
1,7.8,0.8
1,4.25,1.45
1,-0.65,-0.36
1,11.25,-0.06
1,2.4,1.42
1,0,0.25
1,10.85,-0.86
1,0.85,1.79
1,4.9,0.25
1,7.55,0.78
1,15.55,0.79
1,8,0.77
1,-1.8,-0.6
1,4.35,-1.09
1,-1.9,-0.01
1,-0.95,1.33
1,-4.6,1.63
1,-4.05,0
1,2.15,0.2
1,-6.55,1.8
1,1.35,1.29
1,4.35,-0.04
1,-1.1,0.85
1,0,1.22
1,5.4,-0.83
1,-7.35,1.2
1,1.45,0.88
1,0.9,-0.11
1,-3.5,-0.22
1,2.15,1.6
1,9.85,-0.43
1,0.15,-0.96
1,5.5,0.15
1,8.25,0.9
1,4.15,0.27
1,-3.85,2.09
1,3.9,1.98
1,-1.2,1.18
1,5,0.07
1,12.65,-0.65
1,7.8,0.93
1,-0.35,-0.96
1,6.7,-1.5
1,3.8,0.47
1,6.55,0.49
1,-2.8,0.62
1,-2.4,1.86
1,1.8,-0.31
1,4.1,0.5
1,-3.35,1.29
1,11.25,0.95
1,9.15,-0.07
1,-5.05,1.35
1,-1.25,1.33
1,2.2,0.7
1,5.8,-0.14
1,6.9,2.9
1,3.35,0.32
1,0.15,-0.43
1,-10.85,0.6
1,5.75,0.47
1,4.25,-1.34
1,-5.3,0.89
1,-7.75,1.66
1,5.75,0.44
1,-3.55,0.71
1,2.1,0.35
1,1.05,0.12
1,5.35,0.05
1,5.8,1.1
1,8,0.99
1,11.35,0.47
1,7.3,-0.86
1,2,-1.04
1,2.1,0.7
1,4.55,0.38
1,13.5,0.51
1,5.4,1.53
1,9.85,-0.65
1,-0.65,-0.76
