0,0,0
0,0.1,-0.5
0,0.2,-1
0,0.3,-1.5
0,0.4,-2
0,0.5,-2.5
0,0.6,-3
0,0.7,-3.5
0,0.8,-4
0,0.9,-4.5
0,1,-5
0,0.1,0.5
0,0.2,0
0,0.3,-0.5
0,0.4,-1
0,0.5,-1.5
0,0.6,-2
0,0.7,-2.5
0,0.8,-3
0,0.9,-3.5
0,1,-4
0,1.1,-4.5
0,0.2,1
0,0.3,0.5
0,0.4,0
0,0.5,-0.5
0,0.6,-1
0,0.7,-1.5
0,0.8,-2
0,0.9,-2.5
0,1,-3
0,1.1,-3.5
0,1.2,-4
0,0.3,1.5
0,0.4,1
0,0.5,0.5
0,0.6,0
0,0.7,-0.5
0,0.8,-1
0,0.9,-1.5
0,1,-2
0,1.1,-2.5
0,1.2,-3
0,1.3,-3.5
0,0.4,2
0,0.5,1.5
0,0.6,1
0,0.7,0.5
0,0.8,0
0,0.9,-0.5
0,1,-1
0,1.1,-1.5
0,1.2,-2
0,1.3,-2.5
0,1.4,-3
0,0.5,2.5
0,0.6,2
0,0.7,1.5
0,0.8,1
0,0.9,0.5
0,1,0
0,1.1,-0.5
0,1.2,-1
0,1.3,-1.5
0,1.4,-2
0,1.5,-2.5
0,0.6,3
0,0.7,2.5
0,0.8,2
0,0.9,1.5
0,1,1
0,1.1,0.5
0,1.2,0
0,1.3,-0.5
0,1.4,-1
0,1.5,-1.5
0,1.6,-2
0,0.7,3.5
0,0.8,3
0,0.9,2.5
0,1,2
0,1.1,1.5
0,1.2,1
0,1.3,0.5
0,1.4,0
0,1.5,-0.5
0,1.6,-1
0,1.7,-1.5
0,0.8,4
0,0.9,3.5
0,1,3
0,1.1,2.5
0,1.2,2
0,1.3,1.5
0,1.4,1
0,1.5,0.5
0,1.6,0
0,1.7,-0.5
0,1.8,-1
0,0.9,4.5
0,1,4
0,1.1,3.5
0,1.2,3
0,1.3,2.5
0,1.4,2
0,1.5,1.5
0,1.6,1
0,1.7,0.5
0,1.8,0
0,1.9,-0.5
0,1,5
0,1.1,4.5
0,1.2,4
0,1.3,3.5
0,1.4,3
0,1.5,2.5
0,1.6,2
0,1.7,1.5
0,1.8,1
0,1.9,0.5
0,2,0
0,0.27,-0.65
0,1.56,-2
0,1.53,-1.35
0,1.11,1.25
0,0.7,-3.05
0,1.04,3.95
0,0.23,-0.9
0,0.77,-3.2
0,1.06,-2.3
0,1.69,-1.35
0,0.18,-0.2
0,0.65,-0.7
0,0.49,1.3
0,0.89,-4.3
0,1.82,0.45
0,1.24,-3.55
0,0.86,3.25
0,1.43,1.05
0,0.95,4.4
0,1.66,-1.2
0,1.38,-1.25
0,0.81,1.35
0,1.51,-1.5
0,0.57,2.8
0,1.16,0.4
0,0.85,2.1
0,1.43,-0.65
0,0.95,-0.5
0,0.96,-3.75
0,1.78,1.05
0,1.02,-0.3
0,0.91,4.5
0,0.88,-3.25
0,0.93,2.2
0,1.5,0.85
0,0.34,0.65
0,0.3,0.95
0,1,3.25
0,0.49,0.25
0,0.94,2.2
0,0.61,-2.1
0,0.44,1
0,0.72,3.1
0,0.99,-1.35
0,1.11,-0.55
0,0.68,2.6
0,1.06,0.75
0,1.49,2.5
0,1,-1.25
0,1.32,2.5
0,0.85,1.8
0,1.68,-0.3
0,0.92,-1.45
0,1.03,-1.45
0,1.08,1.2
0,0.94,0.1
0,1.78,-0.5
0,1.16,0.9
0,1.4,2.2
0,1.04,-2.4
0,1.47,0.75
0,1.37,-2.65
0,0.73,3.15
0,1.39,-0.35
0,1.53,1.75
0,1.3,3.2
0,0.65,3.15
0,0.48,-0.55
0,1.18,-4.05
0,1.12,1
0,0.75,0.65
0,1.58,-1.4
0,1.34,1.85
0,1.04,2.95
0,0.84,-1.15
0,0.55,1.7
0,0.91,3.35
0,0.7,2.05
0,1.04,3.8
0,1.42,1.75
0,1.03,2.4
0,0.97,-4.05
0,0.23,-0.7
0,0.29,1.3
0,0.49,1.35
0,0.98,-4.3
0,1.51,0.35
0,1.38,1.1
0,1.19,-3.2
0,0.26,0.45
0,0.31,-1.1
0,0.27,0.1
0,1.6,0.6
0,1.24,-3.4
0,1.36,1.65
0,0.48,0.55
0,1.81,0.1
0,1.27,2.05
0,1.43,-1.9
0,0.96,3.85
0,1.25,3.5
0,1.04,2.55
0,1.14,2.85
0,0.79,3
0,1.63,-1.15
0,1.35,-1.5
0,0.01,-0.05
0,1.5,-0.25
0,1.71,-1.25
0,1.05,3.7
0,1.18,-2.65
0,0.52,2.55
0,0.8,-0.5
0,0.76,-2.85
0,1.58,1.35
0,1.24,-3.8
0,1.73,-0.85
0,0.81,2.2
0,1.77,0.85
0,0.98,4.85
0,0.28,0.35
0,1.18,1.85
0,1.11,-4.25
0,0.18,-0.85
0,1.03,2.8
0,0.98,-3.55
0,0.94,-3.7
0,1.04,3.5
0,1.1,3.75
0,1.54,-2.15
0,1.35,-2.85
0,1.12,1.5
0,0.71,1.05
0,1.2,2.65
0,1.38,-1.1
0,0.88,0.15
0,1.61,-1.05
0,1.51,-1.3
0,1.15,-2.05
0,0.97,-3.9
0,1.29,1.45
0,1.08,4.55
0,0.23,-0.4
0,0.76,-2.35
0,0.93,2.95
0,0.66,-2.9
0,1.56,-1.4
0,0.6,1.2
0,0.6,-1.8
0,1.31,-1.5
0,0.8,-0.9
0,1.22,-2.1
0,0.35,1.15
0,1.31,2.6
0,1.63,-1.4
0,0.83,-0.65
0,1.13,1.95
0,1.22,0.35
0,0.97,-4.55
0,1.76,-1.1
0,0.86,-1.65
0,1.92,0.15
0,0.9,2.7
0,0.86,-1
0,1.21,1.6
0,1.27,-1.35
0,0.62,1.4
0,1.57,-1.55
0,0.33,-1.5
0,1.41,-0.65
0,1.29,-1.35
0,1.65,1.5
0,0.52,-0.4
0,0.16,-0.15
0,1.23,-0.5
0,0.65,-0.15
0,1,-4.15
0,0.26,-0.9
0,0.59,-2.3
0,1.28,-3.55
0,1.03,-3.3
0,0.97,-3.95
0,0.65,0
0,0.22,-0.6
0,0.94,-1.5
0,0.83,-3.7
0,0.76,2
0,0.53,-2.2
0,0.69,-2.45
0,0.69,-2.2
0,1.15,-0.25
0,1.08,2.1
0,1.02,2.4
0,1.18,2.8
0,1.26,-0.55
0,0.87,-3.75
0,1.31,-0.2
0,0.98,-3.45
0,1.32,-1.4
0,1.78,-0.7
0,1,-4.85
0,0.36,1.8
0,0.82,-1.25
0,0.9,-1.8
0,1.07,4.25
0,1.64,1.2
0,0.92,-0.6
0,0.94,4.65
0,1.02,2.7
0,1.07,3.2
0,1.47,-1.6
0,0.88,-0.3
0,0.94,4.25
0,1.36,1
0,0.78,0.4
0,0.39,1.5
0,1.05,4
0,1.54,1.3
0,1.05,3.05
0,0.68,-1.85
0,1.11,0.25
0,1.15,-2.2
0,1.25,-0.45
0,1.27,2.95
0,1.2,2.9
0,0.77,3.7
0,0.83,0.25
0,0.83,-0.7
0,0.13,0.05
0,1.13,2.85
0,0.69,-1.15
0,1.56,0.2
0,0.78,-1.35
0,0.1,-0.2
0,1.77,0.85
0,1.19,1.4
0,0.82,2.7
0,0.64,0.6
0,0.09,-0.2
0,0.76,0.3
0,0.91,-0.35
0,0.9,-0.85
0,1.01,2.2
0,1.37,-1.8
0,0.85,-1.4
0,1.17,-3.1
0,1.44,0.7
0,1.52,0.9
0,0.77,1.2
0,1.75,-0.75
0,0.99,-1.35
0,1.34,-0.35
0,0.82,-0.15
0,0.9,1
0,0.46,2.2
0,1.01,0.5
0,1.5,0.95
0,0.43,-1.15
0,0.26,-0.3
0,1.2,0.15
0,0.67,-0.4
0,0.85,2.05
0,0.88,0.15
0,1.4,-0.3
0,0.95,-3.7
0,0.92,1.1
0,0.53,-2.65
0,0.83,3.15
0,1.43,-2.2
0,1.22,-1.2
0,0.69,-1.65
0,0.97,-1.5
0,0.98,-2.6
0,0.74,-0.7
0,0.84,-1.3
0,0.81,-0.3
0,0.53,1.9
0,1.21,-2.25
0,0.99,-2.4
1,2.09,0
1,2.19,-0.5
1,2.29,-1
1,2.39,-1.5
1,2.49,-2
1,2.59,-2.5
1,2.69,-3
1,2.79,-3.5
1,2.89,-4
1,2.99,-4.5
1,3.09,-5
1,2.19,0.5
1,2.29,0
1,2.39,-0.5
1,2.49,-1
1,2.59,-1.5
1,2.69,-2
1,2.79,-2.5
1,2.89,-3
1,2.99,-3.5
1,3.09,-4
1,3.19,-4.5
1,2.29,1
1,2.39,0.5
1,2.49,0
1,2.59,-0.5
1,2.69,-1
1,2.79,-1.5
1,2.89,-2
1,2.99,-2.5
1,3.09,-3
1,3.19,-3.5
1,3.29,-4
1,2.39,1.5
1,2.49,1
1,2.59,0.5
1,2.69,0
1,2.79,-0.5
1,2.89,-1
1,2.99,-1.5
1,3.09,-2
1,3.19,-2.5
1,3.29,-3
1,3.39,-3.5
1,2.49,2
1,2.59,1.5
1,2.69,1
1,2.79,0.5
1,2.89,0
1,2.99,-0.5
1,3.09,-1
1,3.19,-1.5
1,3.29,-2
1,3.39,-2.5
1,3.49,-3
1,2.59,2.5
1,2.69,2
1,2.79,1.5
1,2.89,1
1,2.99,0.5
1,3.09,0
1,3.19,-0.5
1,3.29,-1
1,3.39,-1.5
1,3.49,-2
1,3.59,-2.5
1,2.69,3
1,2.79,2.5
1,2.89,2
1,2.99,1.5
1,3.09,1
1,3.19,0.5
1,3.29,0
1,3.39,-0.5
1,3.49,-1
1,3.59,-1.5
1,3.69,-2
1,2.79,3.5
1,2.89,3
1,2.99,2.5
1,3.09,2
1,3.19,1.5
1,3.29,1
1,3.39,0.5
1,3.49,0
1,3.59,-0.5
1,3.69,-1
1,3.79,-1.5
1,2.89,4
1,2.99,3.5
1,3.09,3
1,3.19,2.5
1,3.29,2
1,3.39,1.5
1,3.49,1
1,3.59,0.5
1,3.69,0
1,3.79,-0.5
1,3.89,-1
1,2.99,4.5
1,3.09,4
1,3.19,3.5
1,3.29,3
1,3.39,2.5
1,3.49,2
1,3.59,1.5
1,3.69,1
1,3.79,0.5
1,3.89,0
1,3.99,-0.5
1,3.09,5
1,3.19,4.5
1,3.29,4
1,3.39,3.5
1,3.49,3
1,3.59,2.5
1,3.69,2
1,3.79,1.5
1,3.89,1
1,3.99,0.5
1,4.09,0
1,3.52,-0.6
1,2.37,-0.15
1,3.29,1.5
1,2.42,0.5
1,3.45,-1.35
1,2.7,1.3
1,2.73,-2.65
1,2.54,-0.2
1,3.43,2.1
1,3.34,3.6
1,3.17,-1.4
1,3.23,1.5
1,3.67,-0.45
1,3.84,0.65
1,2.45,0.35
1,2.55,-1.9
1,3.16,-2.45
1,3.11,-1.05
1,3.05,-0.2
1,3.48,1.6
1,2.38,0
1,3.13,4.55
1,3.27,2.6
1,3.46,-0.95
1,3.69,1.25
1,2.32,-0.5
1,2.68,2.05
1,3.43,-1.9
1,2.72,-2.95
1,3.42,-1.3
1,2.55,0.1
1,3.46,1.45
1,3.43,0.85
1,3.09,0.35
1,2.63,0.25
1,3.36,0.6
1,3.11,4.3
1,3.16,3.1
1,3.62,-0.2
1,3.45,-2.65
1,3.18,-3.85
1,2.75,-0.2
1,3.2,-3.35
1,3.34,-1.85
1,3.48,0.4
1,2.7,1.8
1,3.78,1.4
1,3.55,-0.1
1,2.35,1
1,2.71,-2.85
1,3.34,1.25
1,3.06,0.9
1,3.21,-4.35
1,3.36,3.5
1,3.12,4.6
1,2.7,1.55
1,2.63,-1.95
1,2.86,-3.55
1,2.98,-2.05
1,3.5,-0.2
1,3.25,0.65
1,3.7,0.4
1,3.24,-3.8
1,3.23,2.85
1,2.96,0.25
1,2.86,-3.35
1,2.83,1.85
1,2.76,-1.25
1,3.6,0.55
1,2.66,2.3
1,3.76,-0.8
1,2.69,-2.05
1,3.24,-1.15
1,2.93,3.4
1,3.38,2
1,3.02,1.05
1,3.14,-1.45
1,2.22,-0.2
1,2.83,-3.5
1,2.8,-1.95
1,2.69,-0.5
1,2.87,3.75
1,3.32,-3.6
1,3.31,2.8
1,2.82,-1.55
1,3.46,2.55
1,3.51,-0.1
1,2.89,-3.95
1,3.37,-1.25
1,3.08,2.5
1,2.72,0.65
1,3.02,0.35
1,2.86,-2.9
1,3.09,-1.8
1,2.5,0.15
1,2.54,-0.85
1,3.14,-1.2
1,3.33,-0.3
1,3.16,0.6
1,3.04,2.75
1,3.83,0.7
1,3.17,-2.75
1,3.18,3.85
1,3.08,-1.55
1,2.75,-2.6
1,2.68,1.95
1,2.65,-1.8
1,2.22,-0.15
1,2.96,-1.55
1,3.07,2.45
1,2.89,2.1
1,3.7,-1.95
1,2.45,-1
1,3.25,-1.9
1,3.71,-0.75
1,3.73,-0.1
1,2.66,-0.55
1,3.33,-0.4
1,2.6,1.05
1,3.45,2
1,3.09,-4.55
1,2.35,1.25
1,3.59,-1.85
1,2.97,-2.6
1,3.27,-3.9
1,3.11,2.45
1,2.51,-1.4
1,3.4,1.3
1,3.59,-0.45
1,2.71,-1.25
1,3.07,-4.5
1,3.85,0.5
1,3.91,0.5
1,3.46,-2.3
1,3.41,0.35
1,3.12,0.55
1,3.87,0.8
1,2.9,2.9
1,3.76,0.05
1,3.03,1.85
1,3.52,-2.3
1,3.46,-3.1
1,3.01,-1.4
1,3.16,0.2
1,3.48,0.95
1,3.33,2.25
1,2.81,1.5
1,3.42,-1.55
1,3.03,-3.4
1,2.62,-1.2
1,3.04,-2.1
1,3.34,-3.15
1,3.54,0.15
1,2.82,-1.25
1,3.71,-1.05
1,3.93,-0.35
1,2.9,1.45
1,3.51,0.9
1,3.4,1.75
1,2.91,3.1
1,2.8,2.35
1,3.41,0.8
1,3.28,0.65
1,3.91,0.65
1,3.56,1.95
1,3.77,1.3
1,2.83,-2.15
1,3.1,-0.2
1,3.36,-3.25
1,2.6,2.45
1,2.8,-2.65
1,2.51,-0.4
1,3.05,-4.5
1,3.9,-0.5
1,3.12,-4.65
1,3.23,1.35
1,2.87,2.05
1,3.27,-3.1
1,2.73,2.75
1,2.86,2.2
1,2.24,-0.4
1,2.79,3.25
1,2.73,-1.9
1,3.71,0.45
1,2.75,-1.85
1,2.49,-0.3
1,2.76,-2.5
1,3.05,2.35
1,2.68,-1.9
1,3.25,-0.4
1,3.02,2.25
1,3.42,0.95
1,3.26,-1.75
1,3.25,3
1,2.88,2.45
1,2.61,1.05
1,3.19,-0.15
1,2.4,-1.4
1,3.56,2.2
1,3.27,1.6
1,2.88,-2.35
1,3.01,4.05
1,2.82,-1.45
1,2.59,-0.75
1,2.22,0.55
1,2.91,1.55
1,3,4.35
1,2.54,1.8
1,3.05,-4
1,3.23,3.1
1,2.76,-2.1
1,3.62,1.75
1,2.7,-2.85
1,2.76,-0.65
1,3.2,-1.8
1,2.81,-2.45
1,3.11,4.65
1,3.17,4.1
1,2.65,-2
1,3.15,1.85
1,3.1,1.7
1,2.28,-0.6
1,3.77,-1.15
1,3.33,-1.1
1,2.52,-2.1
1,3.72,1.8
1,3.3,3.6
1,3.77,0.1
1,2.11,0.05
1,3.48,2.6
1,2.83,2.7
1,3.07,2.35
1,3.08,3.85
1,2.31,-0.6
1,3.62,-0.15
1,3.42,1.15
1,2.33,1.1
1,3.12,-0.8
1,3.33,-1.75
1,2.84,1.7
1,3.18,-0.15
1,3.31,-3.55
1,3.33,3.75
1,2.85,-0.8
1,3.31,-0.9
1,3.6,-1.85
1,3.15,4.4
1,2.69,-0.85
1,3.11,-3.8
1,2.77,1.55
1,3.34,-3.55
1,3.57,0.8
1,2.25,-0.25
1,3.04,1.65
1,2.99,2.6
1,2.86,0.05
1,3.53,0.6
1,2.91,-3.9
1,3.36,0.35
1,2.73,0.45
1,2.89,-2.7
1,3.25,0.55
1,2.77,2.4
1,3.33,-0.65
1,2.8,1.8
1,3.02,-3.15
1,2.11,0.1
1,3.56,1.9
1,3.75,-0.8
1,2.58,-1.15
1,2.81,1.35
1,3.67,0.25
1,3.2,-3.7
1,2.79,0.15
1,3.72,-1.05
1,2.45,1.6
1,2.51,1.9
1,3.74,-0.85
1,2.46,0.2
